entname,is_justice_creditaic,is_justice_credit,nega_is_kcont,labels,tag
035cbd8cc5c94836312cfdee97007ff2,0,6,0,0,企业诚信度较低
09ce2fef1db32be880112905225db7f5,0,7,0,0,企业诚信度较低
0bebbf3d6b11d848b02b95af435a1a8f,0,7,0,0,企业诚信度较低
10e50b4bb7730993517c19fd52dc6750,0,14,0,5,企业诚信度低
13efbfd764273ebd19a6bda01de0bb6a,0,6,0,0,企业诚信度较低
150ac0eb3f7a70d8d61c9f85c2bf57ad,0,8,0,0,企业诚信度较低
16fb4bf14d759662291bee36bb539174,0,10,0,0,企业诚信度较低
1b24cc1e7956b8fc78774fd7f09c2e3c,0,13,0,5,企业诚信度低
1cb69b1c9e1102bbe05da35c14585e18,0,7,0,0,企业诚信度较低
27ce1ec589fafd54b8b2a71ac5a3e7f1,0,6,0,0,企业诚信度较低
2cbcacb0cdf2db39279a077ab8299646,0,10,0,0,企业诚信度较低
36630416b0f98f27b2b3aceaeb35cae4,0,10,0,0,企业诚信度较低
3adab8c20ed7cac613973e6a1814ec7a,0,8,0,0,企业诚信度较低
3cf456baf5ca90389baed4315a55cb56,0,15,0,5,企业诚信度低
4ec6c78b695d136d44bbce78d29353fc,0,14,0,5,企业诚信度低
583b1ed4c402ec6e2b932c83dc146de8,0,9,0,0,企业诚信度较低
689cdbf065cda32c81af9b680aac98a3,0,7,0,0,企业诚信度较低
79a666dfa58a2e8617a0f3500855b9ad,0,8,0,0,企业诚信度较低
9608463798c60de7b5da0be086b496eb,0,9,0,0,企业诚信度较低
a6a7f3fe3ac355d92015e9775bbc3410,0,13,0,5,企业诚信度低
b39437fa3bf586c9342d507cec966d26,0,10,0,0,企业诚信度较低
b3f071298ba9e5c8944efd6324ab80df,0,6,0,0,企业诚信度较低
b4f915bc0d95fbbfa2a27b27d6ba319c,0,10,0,0,企业诚信度较低
b7ca42813ea12d6893c35b404c222794,0,12,0,5,企业诚信度低
c7e7a659aeb4bbd4d5170d81aa4f646c,0,9,0,0,企业诚信度较低
c9c712b7f1eef179e9876c724df69408,0,8,0,0,企业诚信度较低
d4d0675c3b5bf103ffdcd3c30decb406,0,6,0,0,企业诚信度较低
e3108e2ea1e99d32ae695bc372488586,0,8,0,0,企业诚信度较低
ea3a5b1d1e7483418df2c52c1cc32b22,0,6,0,0,企业诚信度较低
f092ad415d1e2b849d3b96af55b18670,0,7,0,0,企业诚信度较低
f0ab39ccb86af5166e1fafd11487b39a,0,7,0,0,企业诚信度较低
f1fd015dee80a417f0414a065e193519,0,12,0,5,企业诚信度低
fa0d098dd7c0ce3b6d41249bac28dc69,0,6,0,0,企业诚信度较低
c02264b76491c624e47dd599577f52dc,0,24,0,4,企业诚信度低
ddd58fb407c574d1403350583cf39fb1,0,20,0,5,企业诚信度低
000069a1b35f8435f49d5b7ce6c9bf41,0,0,-2,2,企业诚信度极高
0968c2ca6587601dde8ec350f3e7b18b,0,0,-2,2,企业诚信度极高
12f9b186a5fe2724062083b7afdb961a,0,0,-2,2,企业诚信度极高
1904f6fecf58ab091332486f78af40ce,0,0,-2,2,企业诚信度极高
209dd989bf4058f99d164dacc58627dd,0,0,-2,2,企业诚信度极高
2400a0688e0afb0aded317c4cb318c60,0,0,-2,2,企业诚信度极高
2db1d711555729a1cde3620d55753a30,0,0,-2,2,企业诚信度极高
31ce5fa94489adb3bffbec064cac9109,0,0,-2,2,企业诚信度极高
33b3cd291a93e68162da12f2b553a97b,0,0,-2,2,企业诚信度极高
33bf48fef5312244039c544c355ba49a,0,0,-2,2,企业诚信度极高
393bc1a3842192ed2cd0a932d7cc86de,0,0,-2,2,企业诚信度极高
3a57fb4952e8020029c5aa6ea9890cb7,0,0,-2,2,企业诚信度极高
3b4f736b24ab3bc82c1954c0e05d1c22,0,0,-2,2,企业诚信度极高
4361238c640841e49bf0c2c2b21b0deb,0,0,-2,2,企业诚信度极高
467619b526c1bae39ed6de6b13ed8584,0,0,-2,2,企业诚信度极高
46ea5627b6dc8a8af7fc9d5f7e08d767,0,0,-2,2,企业诚信度极高
492c5c31d52923cd9a699a354c1305a1,0,0,-2,2,企业诚信度极高
4a38138748038a7ccc9fd6d618252840,0,0,-2,2,企业诚信度极高
4bc21b2b0a599e7bcbd7d84392028c8b,0,0,-2,2,企业诚信度极高
4e2d22c95bd31fa0c79aa471bcee0f8d,0,0,-2,2,企业诚信度极高
5016dd793e4e58e4c6c44114e9294b18,0,0,-2,2,企业诚信度极高
540b4407e0ce5d19925215d6e2d9c558,0,0,-2,2,企业诚信度极高
5acbe94ac181c7c86477abcde4c6115d,0,0,-2,2,企业诚信度极高
6219953f712fba82fefe36221d4236bd,0,0,-2,2,企业诚信度极高
62a22099431c0f765ccfe79be7922c54,0,0,-2,2,企业诚信度极高
6305e4aaf7c6e661446b5d04fd76facc,0,0,-2,2,企业诚信度极高
68d45bdbecacedd9d85e024c5f8d10b6,0,0,-2,2,企业诚信度极高
6dc56c8dd418852fc97baa6c1b922501,0,0,-2,2,企业诚信度极高
71d5f80895892321715eb8e8fe8fb2ea,0,0,-2,2,企业诚信度极高
779d06f1a07fd56fc9822520f14a0519,0,0,-2,2,企业诚信度极高
77e47fbea35ec74cf2494315510f71f6,0,0,-2,2,企业诚信度极高
7e0cd555893426beb615f3f952f4c211,0,0,-2,2,企业诚信度极高
818eaf68b17f3da57005f8950d05d7ad,0,0,-2,2,企业诚信度极高
831c83f9b68cc2e1369faf0871470c08,0,0,-2,2,企业诚信度极高
8e1de0098ab7a5847389fe31e4c2e334,0,0,-2,2,企业诚信度极高
92ed6165a3c28d9716275ac46d89f546,0,0,-2,2,企业诚信度极高
937130beddf1dc72aadea4d410429cc7,0,0,-2,2,企业诚信度极高
95267cac2035dae9ad1adac669b0532c,0,0,-2,2,企业诚信度极高
a1ef7137171310ebc3839f0cdf901480,0,0,-2,2,企业诚信度极高
a40df05110451a3545ded7ecdf286d0c,0,0,-2,2,企业诚信度极高
b50bb751924b6d73cee7e8c67db62b93,0,0,-2,2,企业诚信度极高
b7f38d00dbd14b6e00dfbc8984255989,0,0,-2,2,企业诚信度极高
c3b287a9d655d7de74e9d8042012b1e2,0,0,-2,2,企业诚信度极高
c9c028a579e72e828361b7eec133db76,0,0,-2,2,企业诚信度极高
ce3265a93bf1585b1ed2199278033348,0,0,-2,2,企业诚信度极高
d006e5065e83f8d59c9f918a4bcd3d4d,0,0,-2,2,企业诚信度极高
d019400d5d3ccba02971d40f9267e569,0,0,-2,2,企业诚信度极高
d0a5a864498bdfbe43e1137eadd41f57,0,0,-2,2,企业诚信度极高
d175a9ec0e803336ef38523bdf8b316f,0,0,-2,2,企业诚信度极高
d91d789bf9f44ddfe6db6b970631ff4a,0,0,-2,2,企业诚信度极高
e1367fe782bd59b070679cf7740abf7e,0,0,-2,2,企业诚信度极高
e7a4f83184681ec9a19e3e3bb12410c9,0,0,-2,2,企业诚信度极高
ed0c1ac5d3066a8b700668678dd09ba5,0,0,-2,2,企业诚信度极高
ee333b6a142d1350e1e15b4386572566,0,0,-2,2,企业诚信度极高
ef45d022c80d81e98c01913c4b2b6ca8,0,0,-2,2,企业诚信度极高
ef751017f22e60b4bc90a8a26c7f1a68,0,0,-2,2,企业诚信度极高
f000c1f026c5a1ed34f8b342c92ef3f3,0,0,-2,2,企业诚信度极高
f47b870e50129cdb297ea80446621884,0,0,-2,2,企业诚信度极高
f950450a4dfce04dff33add50f92f639,0,0,-2,2,企业诚信度极高
fe53dc70d2788f8d59e06e6952fed59f,0,0,-2,2,企业诚信度极高
01586f67624e5676f5418ec4b302ec0c,0,0,-1,1,企业诚信度较高
059f65bab94ffbb2512c6bb5a9dcc929,0,0,-1,1,企业诚信度较高
069189640ce8203f97c4b72af9d9e6c2,0,0,-1,1,企业诚信度较高
09b5cd1c04f63e031f6a20f542e13673,0,0,-1,1,企业诚信度较高
09ddf1c2550c0e872359521efd938305,0,0,-1,1,企业诚信度较高
0b44db4d7de74c607a30865c00a1a0d7,0,0,-1,1,企业诚信度较高
0dd0c72558b714bc45fa3c242dc00380,0,0,-1,1,企业诚信度较高
10165c44853dcacfed894f40b36d5e2d,0,0,-1,1,企业诚信度较高
1124dd87f372080e1e796519470f203f,0,0,-1,1,企业诚信度较高
142dae73c2e9159ab8c37360e0af70c1,0,0,-1,1,企业诚信度较高
144294526d30bf66cb0fbe1650bec119,0,0,-1,1,企业诚信度较高
172710259481cd37d2ccf78cf5d3e658,0,0,-1,1,企业诚信度较高
1991bed6e9dad7ccf22c693259f40d5c,0,0,-1,1,企业诚信度较高
20773736d7e079941e55e415efafef79,0,1,-1,1,企业诚信度较高
20be5579e3b7445974088c75ecb1e2b5,0,0,-1,1,企业诚信度较高
21375dcac4ee5901abd5560337705c72,0,0,-1,1,企业诚信度较高
23380c35cbce89773bc1823e35f710fe,0,0,-1,1,企业诚信度较高
274912de2243da80bf874474959e9c4a,0,0,-1,1,企业诚信度较高
2905adce24dfa4d633ae7a53dd78e67d,0,0,-1,1,企业诚信度较高
307cf944bd3c1a1f2c77819963c5b56d,0,0,-1,1,企业诚信度较高
320f55d3cef5b4c742445a1cdd14b1c6,0,0,-1,1,企业诚信度较高
33ea34530412a87a83ef1db1872c4baa,0,0,-1,1,企业诚信度较高
359598e8a9b10641cdcaaf2b124b1301,0,0,-1,1,企业诚信度较高
36a710a6c33775b4aa9857052375779b,0,0,-1,1,企业诚信度较高
399d2eab622472aff95f5498be47ac94,0,0,-1,1,企业诚信度较高
3f8220bf204c9a2ef6736a2ad60fed87,0,0,-1,1,企业诚信度较高
3fa7418a70dada3677db4a55ae29f5fe,0,0,-1,1,企业诚信度较高
4122335f7568fb70253bac861442aa61,0,0,-1,1,企业诚信度较高
49c7e69b4cbab6b6f78828bc1890a2dd,0,0,-1,1,企业诚信度较高
4ee6e798b7d6e1379fd538d49d597f03,0,0,-1,1,企业诚信度较高
513228355ca3a34bd160e3696d7df1d6,0,0,-1,1,企业诚信度较高
5259d4fac8f2c5afe0459cb1554848bf,0,0,-1,1,企业诚信度较高
56e6b254d07f7d626efb48d01e278990,0,0,-1,1,企业诚信度较高
573634bb131130d87c3c29a0cffb35b7,0,0,-1,1,企业诚信度较高
5839e18d2c687446a229f8354aa968d9,0,0,-1,1,企业诚信度较高
5cbca68fb799f8b8367487b4e7bfa286,0,0,-1,1,企业诚信度较高
610feab31e7eb7ac3e16f108d1d48a22,0,0,-1,1,企业诚信度较高
61a9efafb28fc0a4af13146a59b42644,0,0,-1,1,企业诚信度较高
6251bc46c68e59b68fe9de417b467cb2,0,0,-1,1,企业诚信度较高
644b73299426180d50b8b1b7a8650e62,0,0,-1,1,企业诚信度较高
6926a16c3c42d478db31c3762f5a06f9,0,0,-1,1,企业诚信度较高
6935a8200c971174d721c5492cdcbce9,0,0,-1,1,企业诚信度较高
69891288befedf0271afaa118ed2ac52,0,0,-1,1,企业诚信度较高
6a6b745dca1eae0b9ecb61a6f13ee2e7,0,0,-1,1,企业诚信度较高
6aa238d18bbfb9b938d0d7068aa14284,0,0,-1,1,企业诚信度较高
70729fe32226e17c7167d64c3ff51bcf,0,0,-1,1,企业诚信度较高
71c62eaf468747123e560b499e0792fe,0,0,-1,1,企业诚信度较高
723905d9d691e03a67374e7a58e66cbc,0,0,-1,1,企业诚信度较高
765bc85336fa545e7eb6b6e36931dd93,0,0,-1,1,企业诚信度较高
78e4cbd2f6f4b47e37df58a4579368ee,0,0,-1,1,企业诚信度较高
7aa07d360dabe5f7ee48bd740dd66dc4,0,0,-1,1,企业诚信度较高
7c31a233a3a66009b5b324df4084c170,0,0,-1,1,企业诚信度较高
7de92d2cb5cf6fceeabc9e4190c7e4da,0,0,-1,1,企业诚信度较高
7f3db0bbc0c3d7f655f85e9096c189b5,0,0,-1,1,企业诚信度较高
839894833693741d268bbd816eeeb453,0,0,-1,1,企业诚信度较高
85ea4bdd474ad3ea8afbdae24a6ea840,0,0,-1,1,企业诚信度较高
8df6da10b5896ad27570b55e8a54c6dd,0,0,-1,1,企业诚信度较高
91e94d62918f3522c60226dba6024213,0,0,-1,1,企业诚信度较高
94c4355758a4a843857b8e73a2cd4a29,0,0,-1,1,企业诚信度较高
95eaf3f3a3f16a85b2def599a083c057,0,0,-1,1,企业诚信度较高
96e2fda43a692af630b02b8e05d2b473,0,0,-1,1,企业诚信度较高
986a4586960cddc41fd447613f602323,0,0,-1,1,企业诚信度较高
9c7757ebec919c14a56d7b2f98766a71,0,0,-1,1,企业诚信度较高
a20e3dae633c29b0f02f59b0bb0edf6a,0,0,-1,1,企业诚信度较高
a773feb68000af72f90aedf9737471ae,0,0,-1,1,企业诚信度较高
a8d854003f770e0de80653ab265b6299,0,0,-1,1,企业诚信度较高
ab4a64e5ea9541d2014917e1377691d1,0,0,-1,1,企业诚信度较高
acf772d5b80ca9351995fbc9a7600ad3,0,0,-1,1,企业诚信度较高
adc0a1ac2874b6bdd5c200388f4088b5,0,0,-1,1,企业诚信度较高
b35884779a36da70c978a96b1654b292,0,0,-1,1,企业诚信度较高
b38dc33f099270d4f3cad05edbb01938,0,0,-1,1,企业诚信度较高
b47aee87aeec75d7fff1bc14f70e49d1,0,0,-1,1,企业诚信度较高
b76b7e36f64a64825bbb57c25c4e5ed1,0,0,-1,1,企业诚信度较高
bda37b5d385835f94d7cab80a1186f01,0,0,-1,1,企业诚信度较高
bf46166d482e98f95cebed4744ee3bc2,0,0,-1,1,企业诚信度较高
bf732f3e9c9c7ada72f9079637ae0158,0,0,-1,1,企业诚信度较高
bfaeaf9d58a11e6f325ef4e701c88c02,0,0,-1,1,企业诚信度较高
c1afcf3ea911dfa8c4e89872e32b4191,0,0,-1,1,企业诚信度较高
c326dd4692dbf63a5431b95d6152a22e,0,0,-1,1,企业诚信度较高
c3e010f6735fba9e988a4be80da1192a,0,0,-1,1,企业诚信度较高
c54231f5e15b5d03181dd77ab86d65c4,0,0,-1,1,企业诚信度较高
cb1056feff555b3196ba4e70a21a9d1b,0,0,-1,1,企业诚信度较高
d3850f2dcb35cad2f738ffca5a6689f0,0,0,-1,1,企业诚信度较高
d78b2b6af1b21b837479fb553bff008d,0,0,-1,1,企业诚信度较高
d7bca20f46d3ea7a26210467212d1393,0,0,-1,1,企业诚信度较高
dbbdf07cd6eff5f63f4cf170c5921d9e,0,0,-1,1,企业诚信度较高
dc81063f69d6fda7ee9570305890fe04,0,0,-1,1,企业诚信度较高
dd77c00c4cd74fe66f4cadbf4eb76437,0,0,-1,1,企业诚信度较高
de7f6a98d876c5d7594943ff457aa9fd,0,0,-1,1,企业诚信度较高
e14cb00eb3c309d40c63efd27a28ed17,0,0,-1,1,企业诚信度较高
e15a939d6a653fd06597a667e2271168,0,0,-1,1,企业诚信度较高
e3f7a3ce49b3ce32683641ff2562fe0d,0,0,-1,1,企业诚信度较高
eba00e2a89f5d3824e2f02f445ae4570,0,0,-1,1,企业诚信度较高
ed606d656be57439cb78e70c9d86a58d,0,0,-1,1,企业诚信度较高
ef3d7ca9910bc3d6de479400595925c2,0,0,-1,1,企业诚信度较高
f016ed59aeeb591378fcd8ded3f93ffb,0,0,-1,1,企业诚信度较高
f04a3ca5eda83e00236acb0c1c13ed84,0,0,-1,1,企业诚信度较高
f2a4cc514b509df6e4332beb34ae2125,0,0,-1,1,企业诚信度较高
f370b661e3dc56a98abccbd3b5724e47,0,0,-1,1,企业诚信度较高
f5b47500f130cb195b115d8dac474c28,0,0,-1,1,企业诚信度较高
f6837f7c210511462883b199bff1bf92,0,2,-1,1,企业诚信度较高
f81e2c90d6d764dc8716c489352b2d4a,0,0,-1,1,企业诚信度较高
f8ad6efea46244b010e88b2f25ab527d,0,0,-1,1,企业诚信度较高
fcf77ad96da525f9a1f8dd637c77baef,0,0,-1,1,企业诚信度较高
fea71eb76886a36e0c231cb0e5f8fc20,0,0,-1,1,企业诚信度较高
feda48d02d5a203118768c09fa8b454d,0,0,-1,1,企业诚信度较高
01de28726d46d0be71cd92734f50be21,1,0,0,3,企业诚信度低
08b739453b87cdf5ea16db22a074c7a0,1,0,0,3,企业诚信度低
0c578bbdab104ef5ca26314c3251bf5f,1,0,0,3,企业诚信度低
0cc76c3cdb99c37440524e426a33ba2f,1,0,0,3,企业诚信度低
17564ebcd4780887092b93bce6e0db42,1,0,0,3,企业诚信度低
21ea4cccf59759d89d1900161ab4eef8,1,0,0,3,企业诚信度低
238291de7a8beeefebb91828ce27e618,1,0,0,3,企业诚信度低
392348dee21df5214851ea3f434943d8,1,0,0,3,企业诚信度低
3ae409449254f842ce41cd5013767d3a,1,0,0,3,企业诚信度低
3f50af36361683e4f5892dc1f325fcb6,1,0,0,3,企业诚信度低
453e145c2cc4f3ae08cf114a19ac8746,1,0,0,3,企业诚信度低
4717d2f26bb6bddd5cac264c7f65a5ac,1,0,0,3,企业诚信度低
4791f2ad8099add141f8abe32ee80689,1,0,0,3,企业诚信度低
4e5da3af6206edeccad0be60b04c3916,1,0,0,3,企业诚信度低
5431d98cb972a508c563290bfd914e5e,1,0,0,3,企业诚信度低
55b0ea9b391a3fe82dd4f77c9cac8130,1,0,0,3,企业诚信度低
574237ba4e2f4017d6d8e7dd665df7a6,1,0,0,3,企业诚信度低
662cef4551a517e5f09f08fbfb9c89cf,1,0,0,3,企业诚信度低
740d8e11a2072712208b2b9f1ef066c7,1,0,0,3,企业诚信度低
87885300a3f3128ec39148424777435a,1,0,0,3,企业诚信度低
8e12b28fd6e159e7355b9573f3b0dad6,1,0,0,3,企业诚信度低
9c3eb8bd4ec9f985a96b946344584d15,1,0,0,3,企业诚信度低
9dccb1fa1b480ec3d682fd15eb8d633a,1,1,0,3,企业诚信度低
9e5240e4142e91acf7893f744bc98d71,1,0,0,3,企业诚信度低
a7fdab5c16e2b6f9ad19482ead61e832,1,0,0,3,企业诚信度低
b043ff076de027a3d42fdb12066678be,1,0,0,3,企业诚信度低
b500429e509ca66322cc946b58c1da2e,1,0,0,3,企业诚信度低
b7cca1d6bdbf718448eb95fcaa3d21e2,1,0,0,3,企业诚信度低
b97b790642d64e49581730d321dd787c,1,0,0,3,企业诚信度低
bb82bc32bd2f80f7ae1397343ee59ea1,1,0,0,3,企业诚信度低
c79e913aee9fe65f8419ee6d68c592c7,1,0,0,3,企业诚信度低
c9e900763070e3f1792aeb815db0fd47,1,0,0,3,企业诚信度低
cf91cb78d46bbdc5d7b8329e49db2c1f,1,0,0,3,企业诚信度低
d60aefabf398cd73ea3a54b63359dcce,1,0,0,3,企业诚信度低
d62e8f711b3965bf02f9d006cb2c85c2,1,0,0,3,企业诚信度低
dcd150e6eea746f772df0c9afb64556d,1,0,0,3,企业诚信度低
e1b5bf7481d919732c71043dc60bf97f,1,0,0,3,企业诚信度低
e3780f0b2ac96cf7945461183e9f2705,1,0,0,3,企业诚信度低
e63fdea27737183ed65089253d20387f,1,0,0,3,企业诚信度低
e6465a31a4146720a693b40ac6066d79,1,0,0,3,企业诚信度低
ef57d93c6cac6d347ab867c48ca728d2,1,0,0,3,企业诚信度低
fea4c19a575c77512054e14eac9c4fab,1,0,0,3,企业诚信度低
00466ac13aa55782e11f043565c744eb,0,1,0,0,企业诚信度较低
0046b2af258d7ae1d5ae206d142fc9f7,0,1,0,0,企业诚信度较低
00aff87e13da1c52bef4a31acb184e1c,0,1,0,0,企业诚信度较低
00c0cbccf229b87a32fb0120e2e42527,0,2,0,0,企业诚信度较低
00fda85028d8b2da29b6e2c1c638e93b,0,2,0,0,企业诚信度较低
012745307794b81607a20ea2f34e539a,0,1,0,0,企业诚信度较低
0171f70ad43e55a1a0c7d60da9267189,0,1,0,0,企业诚信度较低
01c764fb563b86b0c64530fb9aa21a0c,0,1,0,0,企业诚信度较低
01d85e9921cf9bcdc7846e7eff497c5d,0,4,0,0,企业诚信度较低
0224def9fb5a627edbe9b64c1a37f4d4,0,1,0,0,企业诚信度较低
02ab86d11e17549cedf02273f029ae2a,0,1,0,0,企业诚信度较低
02bf372d97c807c6acc0544b9d8d2f19,0,1,0,0,企业诚信度较低
03026f667407264bf42fd91f486fa4c1,0,1,0,0,企业诚信度较低
032fd66b7af237d42732586d9cc8f7b6,0,1,0,0,企业诚信度较低
035e9d2be1502087ab226867a5e06bef,0,3,0,0,企业诚信度较低
039e03fc1a7aa5d99e567f8add43a720,0,1,0,0,企业诚信度较低
03ffbe96ac8ec227c77913148b59f969,0,2,0,0,企业诚信度较低
04108a2c5f0c8ebe761e512fa7656502,0,1,0,0,企业诚信度较低
04515d26e4a25c2ff0342ab4d15bdfea,0,2,0,0,企业诚信度较低
04aa595e193f3c9397b0de40716704f6,0,1,0,0,企业诚信度较低
04d546c235c47499dd186dc65ca1ad7b,0,1,0,0,企业诚信度较低
04ecf929ff092047b600c5d48bd94203,0,1,0,0,企业诚信度较低
052418652efa75005ce38d2f0d794193,0,1,0,0,企业诚信度较低
0574488efd5aa84a25804ba657fb410b,0,1,0,0,企业诚信度较低
0579803dca4369f58c05edafe960d9d9,0,1,0,0,企业诚信度较低
05bf553a5c72baddebecd9248658a6d9,0,1,0,0,企业诚信度较低
0677ee33eadcfad8778319b22e910094,0,1,0,0,企业诚信度较低
06de7f376701c5d35c91a1d71e1e4173,0,1,0,0,企业诚信度较低
071227a0fd84e76f8e869a623bc29c99,0,4,0,0,企业诚信度较低
07d0528b404b895051d55e1f701abe0f,0,1,0,0,企业诚信度较低
08044f937a300917a2075b62df9d85e6,0,1,0,0,企业诚信度较低
08240c26c5396a231ae0535d232e6d64,0,2,0,0,企业诚信度较低
082c6ba56258627aa151f33e2a7a4af9,0,1,0,0,企业诚信度较低
085d1d3d87fb189fb50178ced6c267cd,0,1,0,0,企业诚信度较低
089a2bd1278ba62404a1d8969bf8f472,0,1,0,0,企业诚信度较低
09431a9e56ed67ed9bfff32ecda99678,0,1,0,0,企业诚信度较低
0988c7abeff6c797a3cb630e78ca3803,0,5,0,0,企业诚信度较低
09aba8624650df9cc485ba4c2f72c404,0,2,0,0,企业诚信度较低
09c545fdcf35271f719a62a687c52f44,0,2,0,0,企业诚信度较低
09ceed600312f5f34a78eb58927d5990,0,1,0,0,企业诚信度较低
09fd445111e457d3c906de1e3ea26e66,0,1,0,0,企业诚信度较低
0a7584a824bb4de39d2940695d2bb22c,0,1,0,0,企业诚信度较低
0acfc3ca0e6db91bd9e8aad24238fbf6,0,1,0,0,企业诚信度较低
0b14f3420e7203ba3133ae56321edf2a,0,1,0,0,企业诚信度较低
0b96df45531fc7875afd6b186b79bd16,0,1,0,0,企业诚信度较低
0bf040da57f1b8dfe44ca755a2e47e2e,0,1,0,0,企业诚信度较低
0c539fb5b28593c7450747ef6ab33d8c,0,1,0,0,企业诚信度较低
0c731d70430144e6df86223384fe0d82,0,2,0,0,企业诚信度较低
0c9ec1e7898e7e3d4f1f5651d6bf63fc,0,1,0,0,企业诚信度较低
0d720a36e372090557d1b9edd57e6aec,0,1,0,0,企业诚信度较低
0d8d1cb5fc329edf6acbd6cf831a2487,0,2,0,0,企业诚信度较低
0d9f27bee4ecc11e9e75cec1f1e20c70,0,1,0,0,企业诚信度较低
0deade687320eb57ab4dd4d4d3610e2a,0,1,0,0,企业诚信度较低
0e18f4bd5f86b5492c3c5aa929cb7938,0,2,0,0,企业诚信度较低
0ec1e937444af33b8890e1bdf8e4c157,0,1,0,0,企业诚信度较低
0f02ae87c22065d7a1876d7e8a352fe7,0,1,0,0,企业诚信度较低
0f9c4e9569efcf53bf90f843544e2769,0,1,0,0,企业诚信度较低
0f9f5958b7d88ecb386769b0f16485a3,0,1,0,0,企业诚信度较低
0fc7a85479f54a0328eabf089723d96b,0,2,0,0,企业诚信度较低
1036243e143cbbac493a98624bb7ebd9,0,2,0,0,企业诚信度较低
1061942c0e2b5ab3c593623d8cce2e06,0,1,0,0,企业诚信度较低
107c3f9f8c00b3d7764d84dd7d9a7204,0,3,0,0,企业诚信度较低
10a1b726cff3dc7c2b943c5b8d7620a1,0,2,0,0,企业诚信度较低
10e9973ab16c17e02b04bfd91fd44996,0,1,0,0,企业诚信度较低
1153f3f440ac666ff883fa1be0dd1309,0,1,0,0,企业诚信度较低
119980183152a1e5ff5fbecdf91ad3d1,0,1,0,0,企业诚信度较低
11cae73224b526b1f70498a123ba6b0a,0,1,0,0,企业诚信度较低
11e5b8cad879626f68cd78252074b10f,0,1,0,0,企业诚信度较低
12b2a43c3ecc085e85347c4c971e0728,0,3,0,0,企业诚信度较低
132635c8a258c86a753fd4653c681400,0,1,0,0,企业诚信度较低
136e34e1a2efb158c7dec5ed94af21ff,0,2,0,0,企业诚信度较低
140758ae3c374773ac638b3da59290fa,0,1,0,0,企业诚信度较低
141fcd5f27da714b19907f8fb00fa1e8,0,1,0,0,企业诚信度较低
14937911bfb94ccc0c1e3b072520b630,0,1,0,0,企业诚信度较低
14a777def06a4e4f185943a65e8cb326,0,1,0,0,企业诚信度较低
14bba5ab36d772a455972c053a9528d6,0,1,0,0,企业诚信度较低
14eab197f97ad01bb8ae83ad48fc39ec,0,1,0,0,企业诚信度较低
1507a332a9b43bbd1cbb56cf879a43a6,0,1,0,0,企业诚信度较低
1516d05dcede8a7b142ed99c385a73ed,0,1,0,0,企业诚信度较低
1567d68a34387462d16732b3493bc163,0,3,0,0,企业诚信度较低
1575e9126aaceda2f828d916d0134c1f,0,1,0,0,企业诚信度较低
158458778e919d1eb8d9c6116f4c5857,0,1,0,0,企业诚信度较低
158f805c852464d4e057532a635773a0,0,2,0,0,企业诚信度较低
1609345a44ab90bff58975ab9ab576b8,0,1,0,0,企业诚信度较低
160b02648b24162c0f0ea3aae3b1aaac,0,1,0,0,企业诚信度较低
16c7cbfe049be22af6d0fb158b42040d,0,2,0,0,企业诚信度较低
16c961a6b0cc99e643d7c723d9eef4a4,0,1,0,0,企业诚信度较低
16e108afb4e30849c5c24b2cb65e8df3,0,3,0,0,企业诚信度较低
16e162555369035aa5026c39a4aa2065,0,1,0,0,企业诚信度较低
17ddaf26a4d6953d866da40e14ee6dc8,0,2,0,0,企业诚信度较低
18367a179c6128f7c4adc44e71b0afdf,0,1,0,0,企业诚信度较低
1839303f27fa597439391994764934b9,0,3,0,0,企业诚信度较低
184c251951a25105b77158518fb0942b,0,1,0,0,企业诚信度较低
189d72bee3a6678805589bec43a27f0c,0,1,0,0,企业诚信度较低
18c2155f089a831b6e6694c6c644bec1,0,1,0,0,企业诚信度较低
18d2980c4d82671a2578b774dd9ed740,0,2,0,0,企业诚信度较低
190563b59cc9d961a57cf7a691cac112,0,1,0,0,企业诚信度较低
192bddd70b51918dbb3070f6a1a43123,0,2,0,0,企业诚信度较低
19779a19952dab5d54a2c16520074ff5,0,1,0,0,企业诚信度较低
19afc9e82e3ca8dcafda926bef377a3d,0,1,0,0,企业诚信度较低
1a0d9a280c6b7992db265c1cbb4fecb3,0,1,0,0,企业诚信度较低
1aaf052278d900a0c390c917d94e47ef,0,2,0,0,企业诚信度较低
1ac4008e6ad2e72bbf5f5d82a4c1f72a,0,1,0,0,企业诚信度较低
1b127dd0fd823e65b6a281acb6b06720,0,2,0,0,企业诚信度较低
1b15e802571b71e957c44fd9a931bae9,0,1,0,0,企业诚信度较低
1b6781df20b53a68d966b4e9bbe702bc,0,2,0,0,企业诚信度较低
1b6bbc055f0822c7e51e1cd6bcc2722e,0,2,0,0,企业诚信度较低
1ba62499387809f2fbbe16bd33633878,0,1,0,0,企业诚信度较低
1bbd3818afd15b038ebbe1bec5f81db8,0,1,0,0,企业诚信度较低
1c3a0ff5ca773b306666e3e664ca673c,0,3,0,0,企业诚信度较低
1c6b42e0d86c70ce5a9714f31becf163,0,1,0,0,企业诚信度较低
1ccc11aa3883c9326927bf1db299155a,0,1,0,0,企业诚信度较低
1e97e6bf85d4f456dda22cfd8684fa66,0,1,0,0,企业诚信度较低
1edac89da07dc4c8aefb6f7f8fa2197e,0,2,0,0,企业诚信度较低
1f0f4b415876d27aa41af50dbea824f7,0,1,0,0,企业诚信度较低
1f321d127e0894fbeaee28a7e98a6bee,0,1,0,0,企业诚信度较低
1f6f4c58d01d0283c40e200d7f08a98d,0,1,0,0,企业诚信度较低
1f7380383fa40c74919e130c1678b45a,0,1,0,0,企业诚信度较低
1f75e27c7566d6d5bb11b86f54f083a6,0,2,0,0,企业诚信度较低
1fcb6ab8620c4efe4b03ac0b362bbe17,0,2,0,0,企业诚信度较低
2010b46cf029c7ac4d3f7be896724981,0,1,0,0,企业诚信度较低
20b7e22ce48d5a8929cb8af27edcc5c1,0,2,0,0,企业诚信度较低
213bf1e8e1f17612663b2de8dbf19e16,0,5,0,0,企业诚信度较低
215edab3e5013ea878e28ac1b4b72239,0,1,0,0,企业诚信度较低
22bbac2a638feae1b583bdbf4039a486,0,1,0,0,企业诚信度较低
22ff345a63b95c25dac1e226e76d0662,0,1,0,0,企业诚信度较低
230111f1febcb23d78607889f81eaa9c,0,1,0,0,企业诚信度较低
230cff12e75f21310b3f62a70c6c60ca,0,1,0,0,企业诚信度较低
23c037ecf9d39d828b39861c3b2e0afc,0,3,0,0,企业诚信度较低
23e18278b1b28e6af32b9024ada02e10,0,1,0,0,企业诚信度较低
23fd6cdb6fc748ea6e51646f84360f88,0,1,0,0,企业诚信度较低
24470db8177ef98ecc64460f7eb20ce7,0,1,0,0,企业诚信度较低
248b617be9ed2d487be281762ecfcc16,0,1,0,0,企业诚信度较低
24ba79da2120a0fafa16cef1a48ee1ba,0,1,0,0,企业诚信度较低
24d47d11756c91ca252f2a912e67d914,0,1,0,0,企业诚信度较低
252413dd7cd971fe63c298b0d8909b8e,0,2,0,0,企业诚信度较低
266092a70fa784d3251b9f47dbe364bb,0,1,0,0,企业诚信度较低
26897071bdd4df6bec1507b5e9afa702,0,1,0,0,企业诚信度较低
26a29d4bcfd0384ff4dfa7ffa3040bc0,0,2,0,0,企业诚信度较低
26b9e61b02942096b3733f486a1f4cea,0,1,0,0,企业诚信度较低
27555be9c4e58cd22821415b0d68ad08,0,1,0,0,企业诚信度较低
27e87b719cf62f1f1dcb7aac4fd3ba79,0,1,0,0,企业诚信度较低
284295aad0fed84b3a2733911a88355c,0,1,0,0,企业诚信度较低
28a521fd04f9485835e95ee2c70a16b1,0,1,0,0,企业诚信度较低
28fb44d6f90434946576434deb548e6e,0,2,0,0,企业诚信度较低
2a53961d1c1fea21af5faed245f8fa77,0,2,0,0,企业诚信度较低
2a98fb34796a18820e015ff3b14b0418,0,1,0,0,企业诚信度较低
2bf017f852400fe3cf6d15d9b317f51a,0,1,0,0,企业诚信度较低
2c3dc623089e83a73e8b5036b7102f98,0,1,0,0,企业诚信度较低
2c46dab82de1aabb3f06403b4802b11f,0,2,0,0,企业诚信度较低
2cfadb8976ff1985d927dad6ba1b7858,0,1,0,0,企业诚信度较低
2cfc91ec14bbebb2fdf80cb479b4040f,0,1,0,0,企业诚信度较低
2d5e1c63486ec0c40ade52b91b7d3d83,0,1,0,0,企业诚信度较低
2d9f5e7bc2e0dcc1667fa37d560c772a,0,1,0,0,企业诚信度较低
2da04e7ebdd0b16a3c16fd3200e35842,0,2,0,0,企业诚信度较低
2e12e66d7d74fa6fe4f1ffd2c56f956c,0,1,0,0,企业诚信度较低
2e61c9c114d9b1546d7207d76f61ac13,0,1,0,0,企业诚信度较低
2eacfbb21709436fb6e66ab0af13fbc6,0,1,0,0,企业诚信度较低
2eb84ce8e4b676b3df35a5a610982191,0,1,0,0,企业诚信度较低
2ed854292c68d0d880ae658484d3acbe,0,1,0,0,企业诚信度较低
2f32a8ac52752d8191ccc5883f2ae4c3,0,1,0,0,企业诚信度较低
2f4b36f90e2f12b507af9316196f222a,0,1,0,0,企业诚信度较低
2f5ac37030f708c3e2aa6480b0afb737,0,1,0,0,企业诚信度较低
2f7c43b9a1bf3d3c7124ba812bec6919,0,1,0,0,企业诚信度较低
2fd8c72f13733e16a47307a03b6cc14c,0,4,0,0,企业诚信度较低
3004a28e01604a3d92c8f0718d0a2740,0,1,0,0,企业诚信度较低
30adead420ca747c6001d72676f1adee,0,1,0,0,企业诚信度较低
30f789ac8fd7bda066e0372b4d5204d8,0,1,0,0,企业诚信度较低
31dc92cc58ffa5cccef762e3ed94a8c3,0,3,0,0,企业诚信度较低
31e7de0b7a28e23e5334caa69b73bd9d,0,1,0,0,企业诚信度较低
321faad1489311a4171cbf70dbbafb98,0,1,0,0,企业诚信度较低
322140d5943ac9020992c6c3e1d90262,0,1,0,0,企业诚信度较低
32225b402246a563dcf7c4ff88051311,0,2,0,0,企业诚信度较低
3290dda63587c3bafea43dd481c5d81d,0,1,0,0,企业诚信度较低
331292398a8469332e81ad2325ed4972,0,1,0,0,企业诚信度较低
33371184cd18e9fa5f15ffb23bcb0589,0,1,0,0,企业诚信度较低
3359ed56dd8cd99ebc58be6b49dc67a3,0,2,0,0,企业诚信度较低
33b56c194390972fb45fc4ac22e953a5,0,1,0,0,企业诚信度较低
3531407e7c2cb07972a33ca0d4d0deb6,0,3,0,0,企业诚信度较低
35466993e68cb65c2d0f847a924b3b55,0,1,0,0,企业诚信度较低
3596e4f2395ca933807e0379f11357c4,0,2,0,0,企业诚信度较低
35b891da895117bca122e067dbea8c86,0,1,0,0,企业诚信度较低
35dc77cc46b29641fd98d514df84ca20,0,2,0,0,企业诚信度较低
35e5db2c3d05b2e62404c84a0a42057c,0,1,0,0,企业诚信度较低
364dc27ab7d9701f81c356d107de475e,0,1,0,0,企业诚信度较低
367a88957b867f15b3eb7a5f776de074,0,1,0,0,企业诚信度较低
36d924a5b028623c499762787008d71b,0,1,0,0,企业诚信度较低
373a1147fa9ca6f093918e9def496f33,0,3,0,0,企业诚信度较低
37569a7d38427a1e8a9b6ae3b39c045a,0,1,0,0,企业诚信度较低
381338f1453e3ad92b3d2be5fb7832a6,0,2,0,0,企业诚信度较低
3890cbbfa03cab29e5fe1858119f538c,0,2,0,0,企业诚信度较低
38c1352cfaecf5182aa13c84a360411d,0,2,0,0,企业诚信度较低
38d05e42aa4132e3147adb2ab6794a17,0,1,0,0,企业诚信度较低
38fe46ec3356efe262e4a088a93d84fa,0,1,0,0,企业诚信度较低
3a7a48f4211e07f2a5f36850dc8c7101,0,1,0,0,企业诚信度较低
3a9f4bd05cdc5e22a50e43a48e16a95b,0,4,0,0,企业诚信度较低
3ac50235de28a1d67745bbfc03d2dfc3,0,3,0,0,企业诚信度较低
3b82ab1bbc9731736c8f35e0075b13b8,0,1,0,0,企业诚信度较低
3b8ef9694cad87ea74fab09aded32b87,0,5,0,0,企业诚信度较低
3ba4af451e806dd3e5f4a9b945f5debb,0,1,0,0,企业诚信度较低
3bf07aa74878f0f040083bf38ef79d89,0,1,0,0,企业诚信度较低
3c17e945b5bac32513b9b84268145532,0,1,0,0,企业诚信度较低
3cb89a248cdf45dbb4ac8eca0d71b022,0,4,0,0,企业诚信度较低
3cf906c5c2742ead8e3a8e3d8a41239c,0,1,0,0,企业诚信度较低
3d04f5d2661646ab5ec9bd787d1b461b,0,1,0,0,企业诚信度较低
3d73d00ebe0a4885dc136cc5f5c1ce61,0,1,0,0,企业诚信度较低
3dab2afe17591d8a74dd5225f48ee0b3,0,2,0,0,企业诚信度较低
3de0e683501c3ccc352655918d9eb4f8,0,1,0,0,企业诚信度较低
3e31a53cc8e08aba7d648e200de0aeb9,0,1,0,0,企业诚信度较低
3eb34efb7e210bbe192fee2382cf9243,0,1,0,0,企业诚信度较低
3f07dad4c71bf4a1b11dc3f3c5274168,0,1,0,0,企业诚信度较低
3f49093bbed2cb98b78f7bec9e1e8821,0,1,0,0,企业诚信度较低
3f8bf31c7f259bbfeda1f794eefb0d14,0,1,0,0,企业诚信度较低
3fab1d1201e86a907835a271b6ce7f58,0,1,0,0,企业诚信度较低
3feb55c627936646c681cbd50b1b3729,0,1,0,0,企业诚信度较低
40af288015d0892cced659674737a373,0,1,0,0,企业诚信度较低
40c893bd7fbe0b80522bd15eb3b031c6,0,1,0,0,企业诚信度较低
40db0345cb98435ef016d8d793471d98,0,1,0,0,企业诚信度较低
40df6f80a5a73e95ff96c1205b9b0e08,0,1,0,0,企业诚信度较低
4372222d89e442a052b8590a774b217c,0,2,0,0,企业诚信度较低
437dd86fe8ec93f3bd0fea48b8759087,0,1,0,0,企业诚信度较低
43d588df692573323deeaec85aebefb8,0,1,0,0,企业诚信度较低
43e8e9fac277f9105ccff17fd80bdf85,0,1,0,0,企业诚信度较低
44494b2e02afe97698feaf0effe27668,0,1,0,0,企业诚信度较低
4491537c97994f1706ee31c0a68b7287,0,1,0,0,企业诚信度较低
45554360c0f3d8077e05d03c6bc906e9,0,1,0,0,企业诚信度较低
456d7b6a064f9fdca6f28e9e3f604151,0,1,0,0,企业诚信度较低
45737f66d4daf495ae8354c2bc4d79a6,0,1,0,0,企业诚信度较低
459e337fd2f6672467c7f59462be1a8a,0,1,0,0,企业诚信度较低
459f4f20ccf6dc960b94f93d96b8a378,0,1,0,0,企业诚信度较低
4609646ad89a8272067b03d7187dc7e2,0,1,0,0,企业诚信度较低
4616e65af4eb746c556921e4f3136013,0,3,0,0,企业诚信度较低
46621b84f56c1296e04333fd40bfb8f1,0,1,0,0,企业诚信度较低
46fc9c4dc49aa4db636fa61459fd1817,0,2,0,0,企业诚信度较低
473b3d9e0574b84d1f906705ca92b8b2,0,1,0,0,企业诚信度较低
477756623cc8aac0397412cc078a0e3d,0,1,0,0,企业诚信度较低
4829f97196ca17935be39c86ba630ddb,0,2,0,0,企业诚信度较低
4852e043816cc2b3f7e01360544854b0,0,1,0,0,企业诚信度较低
48a0379842d2283f0e7ea7e7ebe1c4da,0,1,0,0,企业诚信度较低
48ad8bf20014e25ece62385da6fd8778,0,1,0,0,企业诚信度较低
48e1c9ca2a9b18fc7bfbfa42d747271a,0,1,0,0,企业诚信度较低
494b329b8e3db1dc1f7e99707c3926b7,0,1,0,0,企业诚信度较低
497adc0c7112eba9367b0076bc0642df,0,1,0,0,企业诚信度较低
499048a07f3324598a9d46f4a15087f5,0,2,0,0,企业诚信度较低
49aded62709d913d7a26b0fbf8ea39a4,0,1,0,0,企业诚信度较低
49bd055b5ee8df3f6184fb98f32d285f,0,1,0,0,企业诚信度较低
49be7bf4de405656ac050548b8a0901e,0,1,0,0,企业诚信度较低
49ee756cc99279f488a825bd32bd1c61,0,1,0,0,企业诚信度较低
4a8c31fec54c22c9fbd551c70e45f2e7,0,1,0,0,企业诚信度较低
4ab21f730969ac1a5b77df0aa8c9731d,0,1,0,0,企业诚信度较低
4c0a2b8f8c543645f6e4c362731f3662,0,1,0,0,企业诚信度较低
4c64e3ccc22efe9ce8dcb2caff1564de,0,2,0,0,企业诚信度较低
4c7db6b80510d22abb5fb7ea10a67949,0,2,0,0,企业诚信度较低
4d98a4df6c9da7dccf643a657d494b55,0,2,0,0,企业诚信度较低
4e4ac9a6d2cf55aeecb94df6ce63ef33,0,1,0,0,企业诚信度较低
4ea199e986e735959b0f7aeeeb250cf5,0,5,0,0,企业诚信度较低
4efe195059544a84ac488c70a79f0929,0,1,0,0,企业诚信度较低
4f291cf1fa33c8f5141c80abd7151e08,0,1,0,0,企业诚信度较低
4f594e72cde84b85c46ddb62489fc142,0,2,0,0,企业诚信度较低
4fbbdcf405a34f334da869d8796bb98c,0,2,0,0,企业诚信度较低
4fcb52b9479460f06e16c3d159bd818f,0,2,0,0,企业诚信度较低
4fd4bf23dffa7b15ebd9dedcd496ed85,0,1,0,0,企业诚信度较低
50c494bf36645199f3c0c53b30dd1b3b,0,2,0,0,企业诚信度较低
50cb19cb1bd9effff7359b7adda3d117,0,1,0,0,企业诚信度较低
50cd5547696c4ec3b96894c114373327,0,1,0,0,企业诚信度较低
50db7e32248e83b28454c90cff46c53c,0,1,0,0,企业诚信度较低
5142ec4434e9d83789d1544482469107,0,2,0,0,企业诚信度较低
514af8c706d22e8e0774adeaf08e2589,0,2,0,0,企业诚信度较低
517e47565a6698385780823a31374170,0,1,0,0,企业诚信度较低
51bccfbabdd80db44ce78350d5a6e708,0,2,0,0,企业诚信度较低
51cbc68c61cbf60c9729f27ec3c040f5,0,1,0,0,企业诚信度较低
52253f86ae6d5f3b45c39542174b826a,0,3,0,0,企业诚信度较低
52254326b75c9aa6c6dea620ef7bd29d,0,1,0,0,企业诚信度较低
52261b33254fdf72cee3b76c210eed81,0,3,0,0,企业诚信度较低
5264076a2d74a09aace9045fcf5060d0,0,1,0,0,企业诚信度较低
52685f87894e0f8d6a613b2eb073e2b3,0,2,0,0,企业诚信度较低
5297b3d01fd1ed8adda44039248a477b,0,2,0,0,企业诚信度较低
529d8d125ba7b30df372908617d21987,0,2,0,0,企业诚信度较低
52b97cd0f6734a93c096976690b24357,0,1,0,0,企业诚信度较低
53b8c6e86b17a73c073b021490310c0b,0,2,0,0,企业诚信度较低
53bb8c0be4652fc6a26a4874417e0a38,0,2,0,0,企业诚信度较低
53cd62cbb3e9c486113415d3d4c00605,0,1,0,0,企业诚信度较低
5439686977fa3981029de9a3ca20a9e6,0,1,0,0,企业诚信度较低
543a38cbf45df8b43d43977b48ed9ccf,0,2,0,0,企业诚信度较低
548ba7c6ce22d2c894a37a66d21e70e3,0,1,0,0,企业诚信度较低
54c5f93ce51f2bdaa29a9aba085f6e56,0,3,0,0,企业诚信度较低
54cc1257dfb563f1186bc4ac26fa20e1,0,1,0,0,企业诚信度较低
54f8bb598a0e8234685582e6e2a77b5e,0,2,0,0,企业诚信度较低
55647164260dc4e8c3c791d9eb1d4a99,0,1,0,0,企业诚信度较低
556f5db70aedd821b7aa0d6c46391e12,0,2,0,0,企业诚信度较低
55ea753ab87b29fe5219ddd532b5d97e,0,2,0,0,企业诚信度较低
55f5d37eb43aae147201f7af11f91866,0,1,0,0,企业诚信度较低
5673fa3823c56fdcbb26d84efbad04cf,0,1,0,0,企业诚信度较低
56997b22e13671709ab9ea6ff7277c45,0,1,0,0,企业诚信度较低
56a270eef24ed15a605bec40d15c86ee,0,2,0,0,企业诚信度较低
56a65af536425159ed6b70002ee1755c,0,1,0,0,企业诚信度较低
570e1a265571efae7b6154a468fca324,0,1,0,0,企业诚信度较低
57244b5b824f770cd911f9f5cd1c2faf,0,1,0,0,企业诚信度较低
57606bdb386dc73fd19e163a0a3a4617,0,1,0,0,企业诚信度较低
578a07046309aa7334ca37edca063be2,0,1,0,0,企业诚信度较低
57a76fc9ebaeba182e2ad44156bf8614,0,2,0,0,企业诚信度较低
588073592c9894e464a68f96dcab5dcb,0,1,0,0,企业诚信度较低
58cd1da9fb1d51e435cb2744ce45bd3f,0,1,0,0,企业诚信度较低
59231b9ec25d4d53155cfb675ea615c6,0,1,0,0,企业诚信度较低
5961bc34ecdfbd1072ffdb29b8cf9db4,0,2,0,0,企业诚信度较低
5a62db33356fb6ae33dc393ea3722a16,0,1,0,0,企业诚信度较低
5aefab10b57c451966ce8a85dbc333d1,0,1,0,0,企业诚信度较低
5b08888bae1f137c427c874e32ae3e76,0,2,0,0,企业诚信度较低
5b5a7de65422beaca5983b4cf8f6e42d,0,4,0,0,企业诚信度较低
5c002090aeeec8bef38ae9823e5b44dd,0,1,0,0,企业诚信度较低
5c2bdc26684fbb7a9e45527c169b2c57,0,1,0,0,企业诚信度较低
5c4739aa1a24453b409953ca2785a500,0,2,0,0,企业诚信度较低
5c9d4b5ee1bacffc02547d115ef11beb,0,1,0,0,企业诚信度较低
5cd029a02cc1d200d177440417a005b8,0,1,0,0,企业诚信度较低
5d3071b211b790ad2efc16698fd2d6d4,0,1,0,0,企业诚信度较低
5d9a5466f4081fecdb7315f1ddd260fe,0,3,0,0,企业诚信度较低
5db07f023eb1930a7a4cf9106dc7f2bc,0,1,0,0,企业诚信度较低
5ded134d6f962a32a675b28388a891b0,0,1,0,0,企业诚信度较低
5df4c695261e0bda5cc018de0e5fbfe0,0,1,0,0,企业诚信度较低
5df7b701fa747c256c35fc4dc9e89a7b,0,1,0,0,企业诚信度较低
5ebb8e1878409f0de413ef1d48bf2451,0,1,0,0,企业诚信度较低
5f0b7c6236661c09fcbe8c18149716b9,0,2,0,0,企业诚信度较低
5f1a228c1d15446e058b069ee89cc62c,0,1,0,0,企业诚信度较低
5f39a466f97aca54c83039ae126534e7,0,1,0,0,企业诚信度较低
5f6e9511dc263ce4ba8b68b2dc38162f,0,2,0,0,企业诚信度较低
5f9816a0ad369f3785aa5a4627b1cc23,0,1,0,0,企业诚信度较低
5fd480436ce9e3ecabfe1d7d3e2597f8,0,2,0,0,企业诚信度较低
61c55bbf2d22b16d5db00b00f11c17ab,0,1,0,0,企业诚信度较低
61cf973719a1007d842625b4f25a6d24,0,2,0,0,企业诚信度较低
6216118ba3850fb0645ce824575f3938,0,2,0,0,企业诚信度较低
62f323dd950803c48ad6121134d0c901,0,2,0,0,企业诚信度较低
632b86dbb58fdd0e50d6bb6994a8e4d4,0,1,0,0,企业诚信度较低
633874554159d452d7cf899317004adc,0,1,0,0,企业诚信度较低
638ee2e0ce49797ebcb35dc1927e34c1,0,2,0,0,企业诚信度较低
63d30792410e5cd7f25f486675d5c813,0,1,0,0,企业诚信度较低
63ec760a565fde2899b551fa32a86b60,0,1,0,0,企业诚信度较低
64b009d2be4584ddc1aaed91c3d83e8c,0,1,0,0,企业诚信度较低
64d7e2e038ff7051cc5fa7e22e483998,0,4,0,0,企业诚信度较低
6506f047e035ecfc042182945c01de53,0,3,0,0,企业诚信度较低
6561e2f322970469a79288d04563c892,0,1,0,0,企业诚信度较低
65703b5e325f6a1dc56ef03416412771,0,1,0,0,企业诚信度较低
657762770993a6d248061db2318957b4,0,1,0,0,企业诚信度较低
65c86ebf57dcd9abec4e682800ae27b5,0,2,0,0,企业诚信度较低
65de13e77992164d22f3201e61c576d2,0,2,0,0,企业诚信度较低
664f0d49c0d8f18e970b0f2557e3f6be,0,2,0,0,企业诚信度较低
666709da38ec446b8dae7ee48d8fc331,0,1,0,0,企业诚信度较低
667b991eae8f6ac7ecc04a3623a2940b,0,1,0,0,企业诚信度较低
66a8f21ac341494357983f39a93a0892,0,2,0,0,企业诚信度较低
66f5b4f5f453f5d0273597c775fef678,0,1,0,0,企业诚信度较低
671921c19727b0751a8a005d6a876a02,0,1,0,0,企业诚信度较低
674ff9d16ac761a43aec50d950bfc5d8,0,1,0,0,企业诚信度较低
6804376976dcf032c85a5fd7e82f6f6b,0,1,0,0,企业诚信度较低
6832175b8f766026743de15a353beb2d,0,1,0,0,企业诚信度较低
6834b7a2962dd9f2f6ce736a2185cc72,0,1,0,0,企业诚信度较低
683fc740747200a60d87203a541da445,0,1,0,0,企业诚信度较低
684136200bad3c1628564f97bc1f5ccb,0,1,0,0,企业诚信度较低
687aa0afc8fa8a0afceb4a4d36e6c2b5,0,1,0,0,企业诚信度较低
68b6db631443819e142b1ff82dfca71c,0,1,0,0,企业诚信度较低
68d8fd169ac6df462a55dc5ff3c27430,0,1,0,0,企业诚信度较低
68db01f26f0ca9e8964b0710a20b1887,0,1,0,0,企业诚信度较低
6954463f2de703d7b779ad9a190dccd5,0,3,0,0,企业诚信度较低
69785ddd5e62b9793c75de82372bfd8d,0,1,0,0,企业诚信度较低
69b0b6914bc1a61929a40bb0ddfc0aed,0,1,0,0,企业诚信度较低
69da54cea6680be4e32378c2dea65fe1,0,1,0,0,企业诚信度较低
6a13cc2c2d40c188db25e06d7e1cc033,0,2,0,0,企业诚信度较低
6a828984c280a092e3fbc9e00e1a4559,0,1,0,0,企业诚信度较低
6af93e47354b00554a1ce045e26f2592,0,3,0,0,企业诚信度较低
6b3b7e2179122e4c1d4ab29f64fcf6c3,0,1,0,0,企业诚信度较低
6bb1c3c55ba2527a4362bb78c32ba2d3,0,1,0,0,企业诚信度较低
6bb89756c6afe8715bcc66ef03091464,0,1,0,0,企业诚信度较低
6bbd224d926c964532d6c7589223c9c3,0,1,0,0,企业诚信度较低
6c05e89fba96a5361a62233f26a7f385,0,5,0,0,企业诚信度较低
6c640a14262b7b02451b1225fc2ed507,0,1,0,0,企业诚信度较低
6c708240429c424204cdd9713e26c4ca,0,1,0,0,企业诚信度较低
6d3cd64aba66b93c34619af595e3d383,0,5,0,0,企业诚信度较低
6d9a93908c116f25d2cfaf196fa95760,0,1,0,0,企业诚信度较低
6dcbe9ed4c18be8406d33e8d08f0dc56,0,1,0,0,企业诚信度较低
6dfe726bec99a7c1a7b0fc81c11922fc,0,1,0,0,企业诚信度较低
6e5783c087476be7f098c9b0169c4cd7,0,1,0,0,企业诚信度较低
6eb691fa2eecb66804f4960b82fe24e8,0,1,0,0,企业诚信度较低
6ed9818fdc095e9d9ee8ea4057d8fe84,0,1,0,0,企业诚信度较低
6ef63f79853803ef0b69051ac56c281d,0,1,0,0,企业诚信度较低
6f061c030deef9e1dc8ccd29297c2334,0,1,0,0,企业诚信度较低
6f2aa03ef5a73f9457f75a51ca00f56a,0,5,0,0,企业诚信度较低
6f4c929f4ea0fc0024b80afba9055691,0,2,0,0,企业诚信度较低
6f69b9b4434c880c1f9e234351b7fb92,0,1,0,0,企业诚信度较低
6f930f2dedc26e7e636b33bb7afcc7eb,0,1,0,0,企业诚信度较低
6faf3d621790842e5365fd742f0d43b8,0,4,0,0,企业诚信度较低
707385704aa6b31b5f64d445503ce206,0,1,0,0,企业诚信度较低
7083f79b5dde9d398193b80f9c94de9a,0,1,0,0,企业诚信度较低
70bd77854b6a3a1a5839893da88d0e5f,0,2,0,0,企业诚信度较低
718a7f90b219c098634ebc3b351d3a0e,0,1,0,0,企业诚信度较低
71e110f805ae4dab83037de1eb2a1753,0,1,0,0,企业诚信度较低
7213eaa5544a9e9654deae00df14a4ba,0,2,0,0,企业诚信度较低
72211843c0b5879669423a7b1709cf05,0,2,0,0,企业诚信度较低
728da4133da369b03a439245ac35fd6d,0,4,0,0,企业诚信度较低
72a12846a3cb48ec9fa84fe1894838b7,0,2,0,0,企业诚信度较低
72ceaff9b0e7c83e6a979dbd1a55a2ac,0,4,0,0,企业诚信度较低
72e0b712f3b90f6dc44ba484073c7a65,0,3,0,0,企业诚信度较低
72e98e13904f5f709c500c592f8aaa8d,0,1,0,0,企业诚信度较低
7379e02ea843767529fb908690c311ae,0,2,0,0,企业诚信度较低
7381d5e0770e913bf99c7aabb085fb26,0,1,0,0,企业诚信度较低
73af0c597aa4db4f870a3d8856d3d945,0,1,0,0,企业诚信度较低
743047d2a3810ae506c5e47b3eecf410,0,3,0,0,企业诚信度较低
749a705daf89002a999d04662c6961b5,0,1,0,0,企业诚信度较低
74b0ca249453ed947c25d141d9d3d3aa,0,1,0,0,企业诚信度较低
75dd2f83b53aa65fb5cddb7d0b6f8172,0,2,0,0,企业诚信度较低
7607e7ff89e243d6c4cb941d9ccd5621,0,1,0,0,企业诚信度较低
76f65f8cdac5536a270077faddc54e94,0,1,0,0,企业诚信度较低
76fcb8d22f3739d461b9f1e6a5d11c2a,0,2,0,0,企业诚信度较低
771b6e23ea1bd404fbbf981263366721,0,3,0,0,企业诚信度较低
7753e8ca44db83b1b1a0bb6900522c81,0,2,0,0,企业诚信度较低
781a602bee149bf66391280d0612f946,0,1,0,0,企业诚信度较低
785c310415f4de84f90e7ea75fa0eaae,0,3,0,0,企业诚信度较低
78658c46e2097284b05298423f22bb74,0,1,0,0,企业诚信度较低
786e234d4c72112a2ecc4f8fd0b3015d,0,1,0,0,企业诚信度较低
78720fc6d47dbb3280921a07e88fddd8,0,3,0,0,企业诚信度较低
790963337e6260bd28ea02c7a5c068c1,0,1,0,0,企业诚信度较低
79b308621f26f19a5fd2e176896d930e,0,1,0,0,企业诚信度较低
7a42ce4225b051cfc080dfe93a454d35,0,1,0,0,企业诚信度较低
7a4c1ba15524731644193793ff27d80d,0,1,0,0,企业诚信度较低
7a7186d41b1d34ec431c57e2d5044dd5,0,1,0,0,企业诚信度较低
7ac944697d0b6e2f29b501aee334d43b,0,1,0,0,企业诚信度较低
7ad4b99707e0be0b0fcc3c7c11a7a020,0,1,0,0,企业诚信度较低
7b0e42f89d322c8269a5bd2639af303a,0,1,0,0,企业诚信度较低
7b1a732e2a5b75a8594e343a6694f4a3,0,2,0,0,企业诚信度较低
7b8df821bf82ec5592c8a21e533c204a,0,4,0,0,企业诚信度较低
7ba93af6773947113153c81f856722e3,0,1,0,0,企业诚信度较低
7bba60c10b9156b9181c11776063c5c6,0,1,0,0,企业诚信度较低
7bca32d5d5abe65906e08a853132d366,0,1,0,0,企业诚信度较低
7c22c1e2d443b968c19321eca8eb1adb,0,1,0,0,企业诚信度较低
7c3ebe4f7358ecfd3eaf7a86f8a7a2e1,0,1,0,0,企业诚信度较低
7c5718ed118c3697e1d26fb25a52b49e,0,1,0,0,企业诚信度较低
7c9ee743ff7038c2e453ef505b13e46a,0,1,0,0,企业诚信度较低
7cf097f0634c0f982f29ae89fb7d704a,0,2,0,0,企业诚信度较低
7cfe184a83e10addb7a1bb750f2e96c6,0,1,0,0,企业诚信度较低
7d07a9b4dc37e30e0342866965b3f8b7,0,3,0,0,企业诚信度较低
7d08cc0ba420a1dcdf84ee45669ec061,0,2,0,0,企业诚信度较低
7d22b7c05306fa906fc11ce055cd4273,0,1,0,0,企业诚信度较低
7d6ef0fc50ef013730290fafa757be79,0,1,0,0,企业诚信度较低
7db9e68988eaea29d548b5958d2c7ffa,0,2,0,0,企业诚信度较低
7e07d8fd2d26fb763b7a8b1e1dd75a0c,0,3,0,0,企业诚信度较低
7e5bb0b10833ed8104cea1840cb01014,0,4,0,0,企业诚信度较低
7e9340a711397baf545b628dc295e34e,0,3,0,0,企业诚信度较低
7ef1acd6c0c1d3e34a0327451f375508,0,1,0,0,企业诚信度较低
7f59204d6873cd6744d574ea921f7c87,0,1,0,0,企业诚信度较低
7fcfb282171cc5390687d262f40c9932,0,1,0,0,企业诚信度较低
7fd2a9916f460f615ba863d03c151418,0,1,0,0,企业诚信度较低
7fd39653a83783d02cd92f8fbc5022af,0,1,0,0,企业诚信度较低
8025da1385e197987ae76d417c56ae15,0,1,0,0,企业诚信度较低
80604e1b5a114e707959461370856ac0,0,1,0,0,企业诚信度较低
80920842c8b7e2d3e69f730815b00a59,0,1,0,0,企业诚信度较低
80c43563122d23d6b24d544e63ccf47f,0,3,0,0,企业诚信度较低
80ea2b1e98c50d0c36b9e2fdee7c343f,0,4,0,0,企业诚信度较低
818f84d7e6cf74495989973e17c4d5eb,0,1,0,0,企业诚信度较低
81da3e97f20018e217a4b5028f6ebdb2,0,1,0,0,企业诚信度较低
8214c0c7cd949cfb762fac47aa3d56ea,0,1,0,0,企业诚信度较低
821f84f467310531a90e0a2e3215d279,0,1,0,0,企业诚信度较低
824b8e5ac1d9aa303a132bf458a843ea,0,1,0,0,企业诚信度较低
8259bfb457ab563576f716faa124528e,0,1,0,0,企业诚信度较低
82929e226d1771eccd43dd7563783e19,0,1,0,0,企业诚信度较低
82e972a8bf96c6d77845899fca0a1b6b,0,1,0,0,企业诚信度较低
8316355f271ebe498175e6eff4664abb,0,2,0,0,企业诚信度较低
83eb88aa0732f047b2e6b33cd7af3bd7,0,4,0,0,企业诚信度较低
843548cb4477ba46f4392afce6e6900d,0,3,0,0,企业诚信度较低
84636950e8d63dec3393b41ce3e8394d,0,1,0,0,企业诚信度较低
84972e16531f683e87c3d3b9084adb2a,0,3,0,0,企业诚信度较低
8533a729d6cf9479278edcff8c29bea9,0,1,0,0,企业诚信度较低
85546affa78d8eb60c2d9aa527746871,0,4,0,0,企业诚信度较低
857fd2c220a0bcb113f65262ed27ef92,0,1,0,0,企业诚信度较低
8591fe615545a4a18847c0ba889ab6ad,0,1,0,0,企业诚信度较低
864d62cc4de54ec58db02fad45ad408f,0,5,0,0,企业诚信度较低
86c3e943a40595cd4c84677d7411e771,0,1,0,0,企业诚信度较低
872f23eb722af8c7edae3861b9638fc3,0,1,0,0,企业诚信度较低
88044026f9351e45bf0526dc969c554d,0,1,0,0,企业诚信度较低
88ab30617c67a8f04bdd28f8c5dd2be2,0,3,0,0,企业诚信度较低
88d3f552d1124e3143a56e7eadf8bebb,0,1,0,0,企业诚信度较低
89bb7ceead9ee494bbf0713b949ea4d1,0,2,0,0,企业诚信度较低
89d0b51e9a64ed6b9ecb16b90ddd0334,0,1,0,0,企业诚信度较低
8a40fc0463e0209295ade13893164d0c,0,1,0,0,企业诚信度较低
8a675ff64e289520187219b74a3e49f0,0,1,0,0,企业诚信度较低
8a73f5f93d736c70466059b0da82a1f6,0,1,0,0,企业诚信度较低
8a76369ebb468c2fa286c8c000e9f107,0,1,0,0,企业诚信度较低
8ac9968c5dcd49da1edba716a53b58a8,0,1,0,0,企业诚信度较低
8b0b42cb2df4c1a2967250b4bca20181,0,1,0,0,企业诚信度较低
8b9941ce10b96c32de274d6246bc03ed,0,1,0,0,企业诚信度较低
8cf2f76993bcc412bffbac9ffc0f69df,0,1,0,0,企业诚信度较低
8d3e4533b34edb01f9204620b72b9c7c,0,1,0,0,企业诚信度较低
8d701bd8ee69846af2de4302ebe79111,0,2,0,0,企业诚信度较低
8db7c6e07916927ef1ee5941067c14e0,0,1,0,0,企业诚信度较低
8dd0dda2bc021c8b4184cd669767588d,0,1,0,0,企业诚信度较低
8df681b36b7b91d946cb491319888431,0,1,0,0,企业诚信度较低
8e1df727513b04c7ddc4615013d74268,0,1,0,0,企业诚信度较低
8e6894a4866a4659a1a30b03797924ee,0,1,0,0,企业诚信度较低
8e9d2baaa84197666d8fb0d2d3f8a6f5,0,1,0,0,企业诚信度较低
8ea93cf78c5da7e186a8c2deea505304,0,1,0,0,企业诚信度较低
8ebd38c92292887e9c6a362d5216c6e4,0,1,0,0,企业诚信度较低
8ec81bac500b7581b7e26701040485b1,0,5,0,0,企业诚信度较低
8f2243ad674192bfa67669de5a981371,0,1,0,0,企业诚信度较低
8f40aef856f8b5264ebff16d15e9b411,0,1,0,0,企业诚信度较低
8f6ff18546c5289bb36b44c05b163b01,0,1,0,0,企业诚信度较低
8f70eed8157188b816024287ceff345c,0,1,0,0,企业诚信度较低
8fb9ba967d9ab961bff868c5870b925e,0,1,0,0,企业诚信度较低
8fce11f978f55b1f3e2d1157b4db846b,0,1,0,0,企业诚信度较低
8fefd307af075531c3caf8e275e4a063,0,1,0,0,企业诚信度较低
8ff96977cf72fa538e09430912d42843,0,1,0,0,企业诚信度较低
90203616545efb3aa3b74b4f7f7272dc,0,1,0,0,企业诚信度较低
9042249c536abe2a1612933d602089e5,0,1,0,0,企业诚信度较低
90efc41be9d95ed935a3b0fbdc1f714e,0,2,0,0,企业诚信度较低
90f81fb2079ee4651a061e4c28549117,0,1,0,0,企业诚信度较低
912d743463dfcfd54126020792b59ff1,0,1,0,0,企业诚信度较低
9134c4c09ca947289bd79c124c0e2a07,0,1,0,0,企业诚信度较低
91852feedae4bf47d4924b31f64de9f2,0,2,0,0,企业诚信度较低
91dfdc4af81bcbdb737894c4023593ff,0,1,0,0,企业诚信度较低
922dab6131564889fa7471286c90eca4,0,1,0,0,企业诚信度较低
923d0cb57699f91efa04eda1125db13c,0,2,0,0,企业诚信度较低
92e2406ff1b1846f6a2e3e77c445f686,0,1,0,0,企业诚信度较低
9317d458a8e714dd9fbde73a5b3a5a88,0,1,0,0,企业诚信度较低
9377f2eb213a509a30f4e65d39247278,0,1,0,0,企业诚信度较低
938979052b53a89b0d1ddf665b9474b3,0,2,0,0,企业诚信度较低
938ba736f24a8af91f66a4fb1d33cab7,0,1,0,0,企业诚信度较低
93e79f5b898d5e5d6770581afdeab5f0,0,1,0,0,企业诚信度较低
94e4cdde1578079296cd42077b85a5de,0,1,0,0,企业诚信度较低
953579e3f8f66d194da557da42d6ed99,0,1,0,0,企业诚信度较低
9558477e0b4e6ae73dddf24a1b9ceaaa,0,1,0,0,企业诚信度较低
956848640c7a0d66becf22376dce9d81,0,1,0,0,企业诚信度较低
960ae3e91326c8b7e812fd234a27b99f,0,1,0,0,企业诚信度较低
9638dc6641fcd66a2b96fb04f327c038,0,1,0,0,企业诚信度较低
965ca8c26369e43fd903edf1f33ee0aa,0,1,0,0,企业诚信度较低
9681feb81bb1889df1f0cea1c8d9c063,0,1,0,0,企业诚信度较低
96a45fb7034ac8bff22f3fe7b4dc13be,0,1,0,0,企业诚信度较低
96ade53421eb799764a1ae02cae9f19e,0,5,0,0,企业诚信度较低
96c0b60d00a0ee5d66c47d3f8e7e3dc7,0,1,0,0,企业诚信度较低
96e724e679cc76826a2e9fc55135e99c,0,1,0,0,企业诚信度较低
970cdb6180ee4fa3109b6531ac338710,0,1,0,0,企业诚信度较低
9739af4227016f0912eab84a85b56ea5,0,1,0,0,企业诚信度较低
977dde019a4f43fa7f895d9ec14032a2,0,1,0,0,企业诚信度较低
978c7ff5c510e042fa7f296035d87bc3,0,1,0,0,企业诚信度较低
97aa82126f0a1db716c8f3c526443262,0,2,0,0,企业诚信度较低
97c420ebf83368d798a8a75a35da6b8a,0,1,0,0,企业诚信度较低
988244f9c80e60b0ce706fe4bef1af3f,0,1,0,0,企业诚信度较低
98b753672d81c461cbcd04f8d13a27b0,0,1,0,0,企业诚信度较低
98e277f8cf13d4bc4ac74a29e6afac6b,0,1,0,0,企业诚信度较低
98e8aa7cd73c81bb627993aa75c17a61,0,3,0,0,企业诚信度较低
98eb2f160a6a5343d2ed118137a6a410,0,1,0,0,企业诚信度较低
991c78db3a2b9b8a7cea45817256d6ac,0,1,0,0,企业诚信度较低
996a73f5af9b13fdd7a7d18a0b9939b5,0,1,0,0,企业诚信度较低
99b5b3fd15bbb936d2057abf91987c18,0,1,0,0,企业诚信度较低
9a565428587cb70674285b5697b54a58,0,1,0,0,企业诚信度较低
9a56e9f0be0ae7ad441f08e3af5e69ff,0,1,0,0,企业诚信度较低
9a771d4b982becb6691169b7a9dd6d90,0,1,0,0,企业诚信度较低
9a7ac8d38d7c9002a5dbb675fb25be73,0,1,0,0,企业诚信度较低
9aea79b7604fa9bb3cb66218cf0848af,0,2,0,0,企业诚信度较低
9b007ed52cd6709dffab4bb5eb76fd60,0,1,0,0,企业诚信度较低
9b95960fa4e71f41ae0635147e534a94,0,2,0,0,企业诚信度较低
9bbf8a6b32dafc4f2673992f859c36b8,0,1,0,0,企业诚信度较低
9bc9c16adcc7d14b5432cb2f76cd5739,0,1,0,0,企业诚信度较低
9c0e783d88261d0a3af4f6cf0c8aead1,0,1,0,0,企业诚信度较低
9c13acc551cf46cad375fdf535f35059,0,2,0,0,企业诚信度较低
9c548075f9f5776f5cc3571bfd8152d7,0,1,0,0,企业诚信度较低
9c84729b7ead49e221bd9f94c667ee0d,0,1,0,0,企业诚信度较低
9ce3531f22d3438a152ae10709825fe7,0,1,0,0,企业诚信度较低
9cfa75105a42a4abfca61972ff665841,0,1,0,0,企业诚信度较低
9d3356cca21cd0747a0cdef70160d86b,0,1,0,0,企业诚信度较低
9d6c82b21f5549b8eede5a09ec537323,0,1,0,0,企业诚信度较低
9dcadd4bbcd01bfdb96c76320634b14a,0,3,0,0,企业诚信度较低
9ed5ed1e716987374588a2b141b45c62,0,1,0,0,企业诚信度较低
9ef032f4542b105677f3ad0ced32555b,0,1,0,0,企业诚信度较低
a036f36ec3078a4c9e491e085ba46196,0,1,0,0,企业诚信度较低
a03d1f30b9345207216a731c5eb5c7a1,0,1,0,0,企业诚信度较低
a0ced5f661172ac41badb1adea90cc89,0,1,0,0,企业诚信度较低
a18339fe5042c492c9d6999493dffebf,0,1,0,0,企业诚信度较低
a19e85f2a1f7f6f1e0d50afbb980890b,0,2,0,0,企业诚信度较低
a1ac822aef3730a17e682742d2fcbb0d,0,1,0,0,企业诚信度较低
a1fd29cf6a891bb9110d81fbbdd1aeae,0,1,0,0,企业诚信度较低
a245dad52a8d438148ecdeb241373560,0,1,0,0,企业诚信度较低
a25ddfb678d6080d020a54f31005c05d,0,1,0,0,企业诚信度较低
a27307e00b2b3a0beb46d71d9e567ab2,0,2,0,0,企业诚信度较低
a28b534402211fa5accf1c412e2f910a,0,2,0,0,企业诚信度较低
a2977ee408556791596bc631142f2966,0,1,0,0,企业诚信度较低
a2d67ba842f49be937e82e89630ede0d,0,2,0,0,企业诚信度较低
a2fccddf852c3f460d5cad984be03728,0,1,0,0,企业诚信度较低
a3036106581a6dcf4793acc342b66451,0,2,0,0,企业诚信度较低
a34cfbf5fbdbaa7ba098e2bf97c7364a,0,1,0,0,企业诚信度较低
a3dbabc46d276aaa27afbbc915999047,0,1,0,0,企业诚信度较低
a48c51b4347b295e984ec576231d387d,0,2,0,0,企业诚信度较低
a49ef94a4e3490f15bef6aaa2df983e8,0,1,0,0,企业诚信度较低
a4ff4f4dee3df92813fbb40d9b61cefd,0,1,0,0,企业诚信度较低
a50a275d6567fd46d88d767c8d52b30c,0,1,0,0,企业诚信度较低
a51b261ed86839e54b00c73187ad6033,0,2,0,0,企业诚信度较低
a549796931146579cffd7a14ba32f01c,0,3,0,0,企业诚信度较低
a577cceef6cbd0cf890dbd9463d3e523,0,1,0,0,企业诚信度较低
a60ba0f03d2ddf15ee8ed92cc3416fb9,0,1,0,0,企业诚信度较低
a674309f688c7d06de9e4b6d9b807bce,0,1,0,0,企业诚信度较低
a6e2b7b1d84843b1701634c8cc0c84a7,0,1,0,0,企业诚信度较低
a71f53625f58877493b86d21a7273ec7,0,2,0,0,企业诚信度较低
a761a49f2b2b5e6c97f282ce7137be0f,0,1,0,0,企业诚信度较低
a779c5f5c861178af92de0ca88c8086f,0,2,0,0,企业诚信度较低
a8f0ce15989ee947bd5c33ad49dc318c,0,1,0,0,企业诚信度较低
a936616c13ee1c55939da5d37a9b89aa,0,3,0,0,企业诚信度较低
a9368020499e136594f46b7168001531,0,1,0,0,企业诚信度较低
a960906cfab94ca0b2d0df5ad8721352,0,1,0,0,企业诚信度较低
a96bea4a4bf68ef5da87daa331a57467,0,1,0,0,企业诚信度较低
a971f09cf6e88f9b2390ad8e7c1c7cb2,0,1,0,0,企业诚信度较低
a9ad082bf414acdbe904c4557311a33b,0,1,0,0,企业诚信度较低
a9dd13559708117f36fb2159bf5a81c1,0,1,0,0,企业诚信度较低
a9e85520006a99142e2792e79ba8dbad,0,1,0,0,企业诚信度较低
a9e9d334d633372b543a1238eab3ba58,0,1,0,0,企业诚信度较低
aa42b31f79c50e35767bafe034e0c1bc,0,2,0,0,企业诚信度较低
aae0887db1147d9e9d555c07fbb46285,0,5,0,0,企业诚信度较低
aaece3610ba78745238baed536237e05,0,1,0,0,企业诚信度较低
ab02d997bf65436cfa05cfb9b43d036a,0,5,0,0,企业诚信度较低
ab3306fd54b7c1e71f062dbbb6bd00f1,0,1,0,0,企业诚信度较低
ab464eea4526f3554eb2fccdcd473ef6,0,1,0,0,企业诚信度较低
ab7f5924a9ad8c06cfb1284049d1b13b,0,1,0,0,企业诚信度较低
abb2f6a87f1018d112dbef5508272885,0,1,0,0,企业诚信度较低
ac199ec909dcc4f544a930d1161037b5,0,1,0,0,企业诚信度较低
ac1bc9f42d6b542ab95d658f96b0b01c,0,1,0,0,企业诚信度较低
ac42e4a2758e05cc1ce7b61aa94df5ef,0,2,0,0,企业诚信度较低
ac4df03978a0ab1c7ff3c0ce4a12c485,0,1,0,0,企业诚信度较低
ace984dfcc1eb640afa8d5f37df1c33f,0,1,0,0,企业诚信度较低
ad28e1ba002f006c879ad8624e10f28a,0,1,0,0,企业诚信度较低
ad4413fcfd5dd0b7bc8dd3ca5ce1a509,0,1,0,0,企业诚信度较低
ad663e247a94caee76fd254f377d37c6,0,5,0,0,企业诚信度较低
ad80c591198e7156dd9605ad9921b17b,0,2,0,0,企业诚信度较低
ad9040ffe7c1fd517f8998cac9dd3c23,0,1,0,0,企业诚信度较低
ada0eab7bad6368150b4ce793ed6f8e0,0,2,0,0,企业诚信度较低
aebd12193376016605b549cf9785b0eb,0,4,0,0,企业诚信度较低
af47ed65f6e58b1e7e91c94fe4baa0a3,0,1,0,0,企业诚信度较低
af8173e1a7c46eb7d61318b2f77b1e44,0,1,0,0,企业诚信度较低
afea452781b41018aedd182395b88c48,0,1,0,0,企业诚信度较低
b0495950f11b3608616bc56854a06a20,0,1,0,0,企业诚信度较低
b04f457513fc392c0d893228a548d9cb,0,1,0,0,企业诚信度较低
b0573403e281cbbf06b025d8a6925949,0,1,0,0,企业诚信度较低
b07b38755c0d4c04586338e8f599d7c2,0,1,0,0,企业诚信度较低
b084f2b0d2b02fbc8459ad3c67086855,0,1,0,0,企业诚信度较低
b088f18839bb5cb005d1df4a14618f34,0,1,0,0,企业诚信度较低
b0b51d6f524d6c0c4d8212eab6620395,0,1,0,0,企业诚信度较低
b103109898285d1c83606c0811ffa97a,0,1,0,0,企业诚信度较低
b1363437e8306ee267a2610d698f8946,0,1,0,0,企业诚信度较低
b1a99a7f2ea0f2d53d8c5ece72cff311,0,1,0,0,企业诚信度较低
b1f3a20475e9587d8ca2c14bdfc8615f,0,1,0,0,企业诚信度较低
b256ee499a3498eb6641900e2d998549,0,1,0,0,企业诚信度较低
b2861bd2991a3ad06137e9e95bd5440e,0,1,0,0,企业诚信度较低
b293afe03dde47e5b6118b85f489983a,0,2,0,0,企业诚信度较低
b2d5d4a3d9c8dd2462ce0c7a6c212a57,0,2,0,0,企业诚信度较低
b2dc7f212db1746587ba4622993d2afc,0,1,0,0,企业诚信度较低
b2e872a1cafb70a613da4572cb549b0c,0,1,0,0,企业诚信度较低
b31549b9edd1965e9e2c5d46ec39575a,0,3,0,0,企业诚信度较低
b31c9ff697975330930bfcb2750aa72e,0,1,0,0,企业诚信度较低
b3ebe8f51b068f04b92073bad9eb7e73,0,4,0,0,企业诚信度较低
b434e9ae83d7714afcee417656550e27,0,5,0,0,企业诚信度较低
b4c95650f4ed501ad4fb86fcbff0b72a,0,2,0,0,企业诚信度较低
b5bfcb5ba9ab5ba1cf5022ee41d8d1a1,0,2,0,0,企业诚信度较低
b6688e6b22e0c8b6f88c18bc3a468233,0,5,0,0,企业诚信度较低
b6e2204400268abfcf34aaca3e7e64b1,0,5,0,0,企业诚信度较低
b70d70cbbda85d87eed2cf099c228983,0,4,0,0,企业诚信度较低
b7325db47560e79e77de849691ef30b6,0,2,0,0,企业诚信度较低
b799f62c813377ebf25749a7c714c945,0,1,0,0,企业诚信度较低
b805622c674905d77e79e4413d28e7d5,0,1,0,0,企业诚信度较低
b833fc352520bc39625b9285908975bb,0,1,0,0,企业诚信度较低
b8838487c52ab41a19951ea7f409bc97,0,1,0,0,企业诚信度较低
b8dc3b6c093ebbba0fbe1e9964bf815b,0,1,0,0,企业诚信度较低
b8ea3558d1144d4f44d2278a03d9f28f,0,4,0,0,企业诚信度较低
b8f206800e3547bce018ec5b31c0ff09,0,1,0,0,企业诚信度较低
b920a97981d7c5c999676c3cc484ad52,0,5,0,0,企业诚信度较低
b954a7379d827c3921d7df707317f85b,0,1,0,0,企业诚信度较低
b969eda747b8f864ca259e4258018607,0,1,0,0,企业诚信度较低
b9abd49fae7adb997152714aeebec5af,0,1,0,0,企业诚信度较低
ba2b641b20f23a6cfa9be0924ad00e7e,0,1,0,0,企业诚信度较低
ba5d6d1629f6aa1097cbd5ccb2946dcd,0,1,0,0,企业诚信度较低
ba8b454fc48d10ff5db1b6d266e87884,0,2,0,0,企业诚信度较低
bace2d612ef56b55fa0e70566e039ffe,0,1,0,0,企业诚信度较低
badfd1ef0738a7ea4b48213d3a4a61d8,0,1,0,0,企业诚信度较低
bb59d0a3c00407a40b7e421456e3003a,0,1,0,0,企业诚信度较低
bb7ff940a91a975a7adabe15776dd290,0,1,0,0,企业诚信度较低
bbabb9d39bfa00852147b09b23617f91,0,1,0,0,企业诚信度较低
bbe87fc57f3ea11ae15a8c3723b21afe,0,1,0,0,企业诚信度较低
bc15d4f8d7488d1a3c0a3f589a83a2bc,0,1,0,0,企业诚信度较低
bc3212769389ec325235ae889d1e4067,0,1,0,0,企业诚信度较低
bc47e1be06785288d448482c9b9018e1,0,1,0,0,企业诚信度较低
bcc73908304db6dc82769d7023f8f92d,0,1,0,0,企业诚信度较低
bcd8622d57e233b3f583866788e7b04b,0,1,0,0,企业诚信度较低
bd51094665d00bd1510e0118d20c836d,0,1,0,0,企业诚信度较低
bda5b756339aa67a96aa492b5711a213,0,1,0,0,企业诚信度较低
bde3ab1b28b7f4800efa3f43ece04286,0,3,0,0,企业诚信度较低
be12cd6fcfda16cf3de1e2be5a913c4f,0,2,0,0,企业诚信度较低
bf5e377edace1f74b39a901d02558b8b,0,1,0,0,企业诚信度较低
bf82e169a7453b7afdacb0421fa8498a,0,2,0,0,企业诚信度较低
bfde0ce73a3eeda48e48715c61f4693f,0,1,0,0,企业诚信度较低
c03aca0bc93e3f033af03e7e1efa55ac,0,2,0,0,企业诚信度较低
c03cb999b59ef13e267eb60a2a7018f3,0,2,0,0,企业诚信度较低
c0fadafda70692d57bd7847721eb8418,0,2,0,0,企业诚信度较低
c11062823d7d1fe12189fa33c3aa8bfd,0,1,0,0,企业诚信度较低
c138545a571ebd419b8f08989f91c455,0,1,0,0,企业诚信度较低
c18245fade78ca9d5d796405a770bfdd,0,2,0,0,企业诚信度较低
c18c57c4975b7a93c20d8881c46203b5,0,1,0,0,企业诚信度较低
c1f8bc7ebc81127abcf063415e71358e,0,2,0,0,企业诚信度较低
c28107ca29fd26990bbbd8ffbea29c62,0,2,0,0,企业诚信度较低
c2981400e680af751f6e815ef0cb9c24,0,2,0,0,企业诚信度较低
c3615ae9227b779e62f32970cf48a3fc,0,2,0,0,企业诚信度较低
c38ce613f5a4d1566842557dc73a1460,0,1,0,0,企业诚信度较低
c3c0e57d9f8bae548e0e648d93be8a37,0,2,0,0,企业诚信度较低
c42eeb8660688da747ffe394c3ed11d0,0,1,0,0,企业诚信度较低
c456270a219265ac8bf7ba767beda29b,0,1,0,0,企业诚信度较低
c49155775e8ed5a976de5c5bb6c1c7cd,0,3,0,0,企业诚信度较低
c4c5ec16591bff3f512a5e1f004dfa12,0,1,0,0,企业诚信度较低
c4f5766fe7f43d8b02293760efc217b1,0,1,0,0,企业诚信度较低
c51f502598061548046b85f9cbe55dcf,0,4,0,0,企业诚信度较低
c5ea86cc41193e20c7c8b4e670627447,0,1,0,0,企业诚信度较低
c657397933b60f8518cb7b9e4d3d685a,0,1,0,0,企业诚信度较低
c67ffe983ff8c4506cdffde41758ff54,0,1,0,0,企业诚信度较低
c68eec6201ff4707f688767943eb9727,0,2,0,0,企业诚信度较低
c6c6b30cf40b55e4f1285ae4b87fc570,0,2,0,0,企业诚信度较低
c6e3bd0a665ecf86f7fc388a883132a7,0,1,0,0,企业诚信度较低
c6e7fa238b6fc816f939c5dde2069ba6,0,2,0,0,企业诚信度较低
c6f4cd2ed4967de511becf8c550e67e3,0,2,0,0,企业诚信度较低
c7251473f02a2eae4927544c55e20a88,0,1,0,0,企业诚信度较低
c77d8d4fd416d2398a5474bae186e5d4,0,1,0,0,企业诚信度较低
c7aa5a9273d911b486c4433f67e29750,0,1,0,0,企业诚信度较低
c82c1c6869b98caed6502ad94d934c78,0,2,0,0,企业诚信度较低
c82eb9077de91fea4dd0d36ff42597c2,0,3,0,0,企业诚信度较低
c92d180d7fdc59fbf08a06adb505094a,0,1,0,0,企业诚信度较低
c93b972d17af63afda9d8d8cc3e3ee73,0,2,0,0,企业诚信度较低
c9404d85d436140e15e20c7ae2c2d48b,0,2,0,0,企业诚信度较低
ca756d4b833bf642d736c88ad9a26a2a,0,3,0,0,企业诚信度较低
cad307d85439d3e929f54f6fb9c1b35e,0,1,0,0,企业诚信度较低
cb08a0b6ee7fbd03dfd31741a3009c1b,0,5,0,0,企业诚信度较低
cbf7feb3a8310be060d51f3bd2396f32,0,1,0,0,企业诚信度较低
cc52b38a14708bef67fc50f6a3752812,0,1,0,0,企业诚信度较低
cc8027b1530febf8e46d2fa47b8210b1,0,2,0,0,企业诚信度较低
cc90aa7c6dc846e09ca8f7ba7c1cd020,0,2,0,0,企业诚信度较低
cd9d59eeb84a1a93bbc321fdfee98cb0,0,1,0,0,企业诚信度较低
cda2333d9f58a8beb33158389c7b8eac,0,1,0,0,企业诚信度较低
cdb9ab0b23fddc4058f62f036533e94b,0,4,0,0,企业诚信度较低
cdd63102344ec6bb7d65538b50baaa5c,0,2,0,0,企业诚信度较低
cdfe11059f782c1e2467f3353a501db6,0,1,0,0,企业诚信度较低
ce3466f3daca992f7205a61b492f5200,0,1,0,0,企业诚信度较低
ce39adfc116b8f93a379bfe8771405d6,0,1,0,0,企业诚信度较低
ce93c7db317dddf305bd96683a268b47,0,2,0,0,企业诚信度较低
cea9421e3d9f64030ef89fcf38ab51f4,0,3,0,0,企业诚信度较低
cec049a8ff9733cba67256a875c1c8c6,0,1,0,0,企业诚信度较低
cef3daa91c51561afd36eadcb0138198,0,1,0,0,企业诚信度较低
cf42f35e64dda32b8032ebfed8982cf9,0,1,0,0,企业诚信度较低
cfb8267d583e172db5051a24a6b7f012,0,1,0,0,企业诚信度较低
cfd8703f35b05061cd9e223a6ca7fe56,0,1,0,0,企业诚信度较低
d048dbbe04ffaee4cc2f49303b123ffd,0,1,0,0,企业诚信度较低
d09a482283d491172cf07626509f820e,0,2,0,0,企业诚信度较低
d0b814e0892286b5311005a6d508813c,0,1,0,0,企业诚信度较低
d1050b43849a91bfcd1a24a7acff89d9,0,1,0,0,企业诚信度较低
d130f2853baa8bc9a791b35b47fef661,0,3,0,0,企业诚信度较低
d13f5d9efb94ab28b6353b1119efd038,0,1,0,0,企业诚信度较低
d19b19da8bd96d49f4bf65c5fae9c1b2,0,1,0,0,企业诚信度较低
d1c169ff3c452e0014b556af5abef61b,0,1,0,0,企业诚信度较低
d1ff00c6099a1fc13a18769efcaf672b,0,5,0,0,企业诚信度较低
d219ef1ad2029d7c76ea1f8ddf1601fc,0,1,0,0,企业诚信度较低
d251b9a5d4bc373b1c3e215db1bf0081,0,1,0,0,企业诚信度较低
d262ffeb249cb60437337f0a854b5cb3,0,1,0,0,企业诚信度较低
d281e7f11f113e0bd9fe2b2111c26f37,0,1,0,0,企业诚信度较低
d3278a40db564c5598cfefdf64980d00,0,2,0,0,企业诚信度较低
d3a6b7708b47b31f31fa617ce08d4294,0,1,0,0,企业诚信度较低
d3badde9fd83791a989c0ae77fd4404c,0,4,0,0,企业诚信度较低
d41d54e6a7fc5e548ce72c54e720d71a,0,2,0,0,企业诚信度较低
d46d2917c898619d75bd76b9c76b5a39,0,1,0,0,企业诚信度较低
d4a64bec0c49cfbfa5d840c521d74a6d,0,1,0,0,企业诚信度较低
d525cfdfa2ab87cce78c0b5bbb338571,0,1,0,0,企业诚信度较低
d581f25a730070e7ac113b80ac77eea3,0,1,0,0,企业诚信度较低
d5cee0821a40917cb80dbdd100a261e6,0,1,0,0,企业诚信度较低
d699a60302ba560a9996753091eee9fc,0,1,0,0,企业诚信度较低
d76334a2f6d28b2ec263a101c4e9596b,0,2,0,0,企业诚信度较低
d7a104e6fed3b2e5551fefbb393b075e,0,1,0,0,企业诚信度较低
d7bfdd10e9fcaf022269adba22fc8865,0,3,0,0,企业诚信度较低
d827c30ff0f7d025a2b7432a31f80deb,0,1,0,0,企业诚信度较低
d83ce928c4b069f77b639c28fa6098e0,0,1,0,0,企业诚信度较低
d86229d516259ae0a3a9f578ffcc6e6f,0,1,0,0,企业诚信度较低
d891ccdaf724042493b3931fa6c885e4,0,1,0,0,企业诚信度较低
d8d000d2dc542acf640895cf9f3dcb68,0,1,0,0,企业诚信度较低
d8e525635a12b67614699e672cde939b,0,1,0,0,企业诚信度较低
d8fbf89f6a4dd6122dfde6addf3593e8,0,1,0,0,企业诚信度较低
d90fe69f040e9973070e927c48019ac0,0,1,0,0,企业诚信度较低
d9881b65b2b29f8bd606ce1daf2b11da,0,1,0,0,企业诚信度较低
daccd73e179cb6601b5131c7f3dd5ce6,0,2,0,0,企业诚信度较低
db331c6a3f8a739f9b2b6eafc87b479f,0,4,0,0,企业诚信度较低
db527b6d44faf1f942410cf290cc6246,0,2,0,0,企业诚信度较低
db70aace042bd59279f64b03514ce1b9,0,1,0,0,企业诚信度较低
dbea60ffbab2bef40e336ec3607c5a73,0,1,0,0,企业诚信度较低
dbebd7dfe8775fa949de38e367952b97,0,2,0,0,企业诚信度较低
dbf460223490cdb6ec229caded92f6c8,0,1,0,0,企业诚信度较低
dc061c0507ab243598a66cc658318f51,0,1,0,0,企业诚信度较低
dc078e20f0a892797ca21b2aebeeeb68,0,2,0,0,企业诚信度较低
dc494872098825c7f2eebf9f41cb70fe,0,1,0,0,企业诚信度较低
dc55a0d8598413cf44ec2a453bcdfb24,0,1,0,0,企业诚信度较低
dc9c2181d47b9c12853b80bb9bffb733,0,1,0,0,企业诚信度较低
dd6ecbf819c0641474426a37697d8c2e,0,2,0,0,企业诚信度较低
ddec5bac98dbd6ecab11a378384e3b90,0,1,0,0,企业诚信度较低
ddf705c4bd9e62f7724efee6389e0660,0,1,0,0,企业诚信度较低
de3dd6fcc0b8e5adab38895eb7d46af9,0,1,0,0,企业诚信度较低
de5ce70ff5b4319b34f4018b8a93b1df,0,1,0,0,企业诚信度较低
defc0149b96629bae0acf335114458d5,0,1,0,0,企业诚信度较低
df938eeef46a43c87370c5dfd01d1a23,0,1,0,0,企业诚信度较低
dfa7fef50aa2af3a1a81aa94e52841ba,0,1,0,0,企业诚信度较低
dfe6143fb840c314393f78a1906ca8ec,0,1,0,0,企业诚信度较低
dfe8ec5dae7c1b7c526747f7bd422c9a,0,1,0,0,企业诚信度较低
e0174d0fd1eb61e50e1a472c271feca2,0,1,0,0,企业诚信度较低
e10f5177aeccc36b9db577e565ddc3ea,0,1,0,0,企业诚信度较低
e14186403259e473abaf1d8b27cd94a3,0,1,0,0,企业诚信度较低
e15897b5b21d910afc170ffc881e3c16,0,1,0,0,企业诚信度较低
e164b159704af5863af5aa9282225c54,0,1,0,0,企业诚信度较低
e1cb10bd7e94622aac7fe8967a6b740a,0,1,0,0,企业诚信度较低
e1d38eb15595499096d6b8c516f41fee,0,1,0,0,企业诚信度较低
e23ffc86c1d82ffc6dbc21ed40958677,0,1,0,0,企业诚信度较低
e24cbfd823d49292e7c630384ce641bf,0,1,0,0,企业诚信度较低
e27488e446ad7786e733d6c747a48197,0,1,0,0,企业诚信度较低
e296ab0dc4c5cb3c2540d2b6410d993d,0,2,0,0,企业诚信度较低
e2f7f5ccc2146e6f9269712379d33c49,0,1,0,0,企业诚信度较低
e301b1524ddc9141b3d676081202a337,0,1,0,0,企业诚信度较低
e35f5dbad67c87309b0fdef4785e4d89,0,1,0,0,企业诚信度较低
e36148cc9f9f5eabf8e4a76d4d4a8e14,0,1,0,0,企业诚信度较低
e387473281fec78a62083e8546e61376,0,2,0,0,企业诚信度较低
e456210128c010c35a1138dd2b2df1ea,0,2,0,0,企业诚信度较低
e4e0d71fe6728b678b924c48eebf53c3,0,2,0,0,企业诚信度较低
e4fc17978c90aac05e5eb9ec94fb7a43,0,1,0,0,企业诚信度较低
e50088232a9f54bc5c4adca3961a8ecc,0,1,0,0,企业诚信度较低
e51c992dafc1be73d8859533a35ca649,0,1,0,0,企业诚信度较低
e54b5d96c734b5a6e3ed27bdb2a0764d,0,1,0,0,企业诚信度较低
e5631fe2e0ed28b9621cd5ab5fdf4ccb,0,1,0,0,企业诚信度较低
e5c89bb60da22957812f0928ecaf5275,0,1,0,0,企业诚信度较低
e5f9047657c0fc1226f9f2f8025cfc01,0,1,0,0,企业诚信度较低
e63d3ebc59f8f4d66add35e206eefb38,0,3,0,0,企业诚信度较低
e691432eed1c9ada2627ff77a0066441,0,2,0,0,企业诚信度较低
e692b103b7039715c28dfae57431a440,0,1,0,0,企业诚信度较低
e695524d7b18f51d2546dcceb415166b,0,1,0,0,企业诚信度较低
e6ada0b10ece18169b88099790559894,0,4,0,0,企业诚信度较低
e72d82031c6fc8ab0066b09288cb5815,0,1,0,0,企业诚信度较低
e7d5b41cc24f0287b6d45eecc213c9d0,0,2,0,0,企业诚信度较低
e7dc4bee451355f204c26bcf8ca585b5,0,1,0,0,企业诚信度较低
e7f11db05be4318a02b7ed124c9c3ad5,0,1,0,0,企业诚信度较低
e8126ed69d173cf052d11f391a02efab,0,2,0,0,企业诚信度较低
e820d110a715b3495631f24b11d09d4d,0,1,0,0,企业诚信度较低
e859f6350fe5b96f3b6156d83d18cd46,0,1,0,0,企业诚信度较低
e85a393adddd6641ba4ef8359644e854,0,1,0,0,企业诚信度较低
e86e9c430ddc28c5a2ac385e2f51e2bb,0,2,0,0,企业诚信度较低
e8767144aecec2e725a9916bb880d1a0,0,1,0,0,企业诚信度较低
e87aec9fc138e7210c409511593004c0,0,1,0,0,企业诚信度较低
e890c3d666c94954e6ed594d3566f8a3,0,1,0,0,企业诚信度较低
e93cf3f017c85dbffa047af3107aa5ac,0,2,0,0,企业诚信度较低
e98a86da09007acbf86b84445c64ae41,0,2,0,0,企业诚信度较低
e9b4ee1cb19a3740aeb87243a190b3d4,0,2,0,0,企业诚信度较低
e9b73c172167813ecffede77e094a5f6,0,1,0,0,企业诚信度较低
e9ff5c4694c1d6f3de2df98b404cd2e8,0,1,0,0,企业诚信度较低
ea5e4138c6923e5083c3286885c30743,0,1,0,0,企业诚信度较低
ea5f3e21ead50ef72b9b67d55eaad3b8,0,1,0,0,企业诚信度较低
ea858c7fbba6487437691f5f6439dc41,0,1,0,0,企业诚信度较低
eac526b0eab2cc113db02666a195ec73,0,2,0,0,企业诚信度较低
eae24fd9db152c9bb0545b1381c70296,0,1,0,0,企业诚信度较低
eb1471197e4a1443cda0a3a66919fa46,0,2,0,0,企业诚信度较低
eb68f6d23755936f95ec9cc357a7ba7d,0,2,0,0,企业诚信度较低
eb9afb6c2abcbeac3e3e8eb3cc557c77,0,1,0,0,企业诚信度较低
ebb5e6167c9bcafb09ac305ecaff6a57,0,3,0,0,企业诚信度较低
ec377e791abdb133a3c9cf60c76e4c44,0,1,0,0,企业诚信度较低
eccee9ca31ec567a62c147f2fec3def7,0,2,0,0,企业诚信度较低
ed0e80a8b797609c5aeb49bb3ae37bd9,0,1,0,0,企业诚信度较低
ed5d5fd081e04c1e9ab9ccdc781815de,0,1,0,0,企业诚信度较低
ed6dc5c0d66c7ab349d7a079c7dcd8bf,0,4,0,0,企业诚信度较低
edc27540ab164ffb0b57c89f8ab9b22d,0,5,0,0,企业诚信度较低
eddbc7f6c677c22b5720baa10ab3953d,0,1,0,0,企业诚信度较低
edf60146847a646ce09b9bee9aa18a28,0,1,0,0,企业诚信度较低
ee16a963221ff7fcddf05ed8ebbed1d9,0,1,0,0,企业诚信度较低
ee7c4ed25528d05def87526881dca7ac,0,1,0,0,企业诚信度较低
ee911bb5568851961df0315fc2687a39,0,1,0,0,企业诚信度较低
eedc93796648bd762d401cc7fa37676a,0,1,0,0,企业诚信度较低
ef05c0f673d7f7adab32ecc450eedf12,0,1,0,0,企业诚信度较低
ef3511b6de08cd0b10463c0054bf2e21,0,2,0,0,企业诚信度较低
ef5f338297def45264855381bddd0b73,0,1,0,0,企业诚信度较低
ef7cdf9248387e46cff938acfff27b56,0,4,0,0,企业诚信度较低
efb7e8af700833709b19586541603d7f,0,1,0,0,企业诚信度较低
f19de61aa2367aa45432aa3bc6ebed35,0,1,0,0,企业诚信度较低
f1a03ae211f8f8dea88036763169d2ef,0,1,0,0,企业诚信度较低
f1ce62bfd0682acf2fbd50f42af4f557,0,1,0,0,企业诚信度较低
f22c0b5e2db12898e0ed40220232df76,0,1,0,0,企业诚信度较低
f232f73fe996589219e3bd2eb75e360d,0,1,0,0,企业诚信度较低
f28c4ee14694e3f79d16c4976f31618f,0,1,0,0,企业诚信度较低
f2f4c6697e7d111811563ee02d7d62b4,0,2,0,0,企业诚信度较低
f2f7924768c0df39132ea572edd6a224,0,1,0,0,企业诚信度较低
f31e60bdb6729080e49019de3ab24ca6,0,1,0,0,企业诚信度较低
f398cee2ca19c3c286c94be5cda6128f,0,1,0,0,企业诚信度较低
f3caa413a26dbbea43c78de4bcabb6e2,0,2,0,0,企业诚信度较低
f41f792303bd7185258ff937ca369bd8,0,4,0,0,企业诚信度较低
f447b3677a58b401559c4774755d76b7,0,1,0,0,企业诚信度较低
f494f7bd8bd2f5c48f34b90a8b696674,0,1,0,0,企业诚信度较低
f4f9ce05fd3f2b042abdcc7c9c96f671,0,2,0,0,企业诚信度较低
f4feaa56a45f5aa76f28cc04a3c3741b,0,1,0,0,企业诚信度较低
f5028b0de04c743afbb5db362f50460b,0,1,0,0,企业诚信度较低
f5232e9543193ba8ab23c983f3d7ec49,0,2,0,0,企业诚信度较低
f66ad4fd8cc642b1904280124f2b050b,0,1,0,0,企业诚信度较低
f67beb9ff1690e39396080212b299502,0,1,0,0,企业诚信度较低
f69319299256e0dcb082aa9c63a8cdb4,0,1,0,0,企业诚信度较低
f69ff3c35a0251ecdd88e58144112a36,0,2,0,0,企业诚信度较低
f7131bc35eebf2dba6f30ec62666405b,0,2,0,0,企业诚信度较低
f723852a04111a5e8a8948c3ee30a417,0,2,0,0,企业诚信度较低
f76065976fd5cb64b190250e8340275c,0,1,0,0,企业诚信度较低
f77ebe102497750a0098d08cb7197d14,0,2,0,0,企业诚信度较低
f79152802ae99be114d40650bf06075f,0,1,0,0,企业诚信度较低
f79208caea7e67e404252c327a61172e,0,1,0,0,企业诚信度较低
f7c7409c47e70c5a43eddab4064d7b98,0,1,0,0,企业诚信度较低
f7d2be76d9f1931098cfdcb2aa52175b,0,1,0,0,企业诚信度较低
f831406c44ee4cc53677550baaee58bd,0,1,0,0,企业诚信度较低
f84ccb4feb9f4e7a56fdc929389c2ec6,0,2,0,0,企业诚信度较低
f8539fb4c90aaee673b7b46a3c43f279,0,1,0,0,企业诚信度较低
f87bd103d8745dd6c2d0c02424f15144,0,1,0,0,企业诚信度较低
f8df587e54ae68fb01f24ef067eec3e0,0,1,0,0,企业诚信度较低
f910ff3acb65e1721de838a33af1aeb8,0,1,0,0,企业诚信度较低
fa2aad9ff96a6404ebf2fee73579580f,0,1,0,0,企业诚信度较低
fa3cdfbd728f6b8992418e53e9141132,0,2,0,0,企业诚信度较低
fa553cca02e309b348fd2116f4d72451,0,1,0,0,企业诚信度较低
faa9288e3fb2f61c2c2e7cfc8ce3cb6b,0,2,0,0,企业诚信度较低
fac431283f85f9460d992144afcb1cc0,0,1,0,0,企业诚信度较低
fafc1603095c044535b522349022ca48,0,1,0,0,企业诚信度较低
fb6196533904fd936e00ceccefcb9099,0,2,0,0,企业诚信度较低
fbb27d28aee45b8d6d90658a32e85af4,0,2,0,0,企业诚信度较低
fbc711dfa396f29d8bf28e7216b7b2e1,0,1,0,0,企业诚信度较低
fc567244719026138363c3e6d1e3143d,0,2,0,0,企业诚信度较低
fc8c346c96c37e6d069bb1f27331b4a3,0,1,0,0,企业诚信度较低
fcc4d7207f7b98181f2d34b1450410f5,0,1,0,0,企业诚信度较低
fce814e87f6f421556d0fcf7aa88bbe8,0,1,0,0,企业诚信度较低
fd3e190cec0cb0b0f23a03a4a7e7df56,0,1,0,0,企业诚信度较低
fd50bffd6e1ea78359219917d2cc27f3,0,1,0,0,企业诚信度较低
fd6bd2197d495bd6701a9e4b443d41b4,0,1,0,0,企业诚信度较低
fdc5f9d60076ad9706fc7daf9bc641be,0,1,0,0,企业诚信度较低
fdf8877f5839c880e77bcb9c87bea6d8,0,1,0,0,企业诚信度较低
fe0b6d8820947e3ddbfeb7eab06946dd,0,1,0,0,企业诚信度较低
ff26fb63b846cda5984f7c3649efd3f6,0,1,0,0,企业诚信度较低
ff53ed63503e08354153efeaafd67055,0,2,0,0,企业诚信度较低
ff572130fef67a7c6e6b81cf8f37b842,0,1,0,0,企业诚信度较低
ff8433d3d3fb98e1997bca31c99941a9,0,1,0,0,企业诚信度较低
ffae38d3c1780ce59e360532305e4c8a,0,2,0,0,企业诚信度较低
ffbc96c9f92320b45406f5153cf13d53,0,1,0,0,企业诚信度较低
ea3eb456e7a9bbec2790241c101440d1,0,0,-1,1,企业诚信度较高
